0.8401996165707526	1
0.7867081604938245	1
0.8256310259036903	1
0.6559008353443778	1
0.8144059451470848	1
0.6830408256763204	1
0.6183709349406307	1
0.6751964206161811	1
0.7579237309698621	1
0.3169258967417956	1
0.7328122153970675	1
0.2246019715090159	0
0.8809937335392521	1
0.4013766878815648	1
0.9378769043366485	1
0.8448436491579173	1
0.9646681059412089	1
0.9649743724806717	1
0.7994289356096174	1
0.8842635825948583	1
0.9573424211973192	1
0.8396092541393259	1
0.8080129242259028	1
0.8373339278532715	1
0.515660581077506	0
0.7961918788039611	1
0.7157706622515991	1
0.9759639804285247	1
0.42720534881436545	1
0.6012560131513501	1
0.5937520229998504	1
0.8374992811543014	1
0.8871122310074666	1
0.875795065983294	1
0.9282407620172701	1
0.8055750258605018	1
0.9028266356681799	1
0.5214436496376945	1
0.7555617044228105	1
0.646265426588271	1
0.20471955209096293	0
0.8409181100907597	1
0.973593791225094	1
0.7553390157726941	1
0.854019977625258	1
0.7637825981704692	1
0.6722491657228942	1
0.8236775802931693	1
0.9643518012089777	1
0.2876301230353956	1
0.9054412724101553	1
0.8520822393282975	1
0.9464390238094691	1
0.8912559124637626	1
0.7987855586623777	1
0.5454890067566416	1
0.5142767194181246	0
0.2582333578440128	0
0.3671463029983288	0
0.5407863874803024	1
0.9225689023554611	1
0.7470251898576022	1
0.9591126316387121	1
0.6798557646295894	1
0.6150573111499683	1
0.7445136622912625	1
0.4180669986266967	1
0.9323459701973392	1
0.7606325330632253	1
0.9160505106625962	1
0.6875037167391216	1
0.9094702628856459	1
0.6554009634841651	1
0.9549930734840664	1
0.9017451426763362	1
0.24863587722875494	1
0.25631075529019387	0
0.2133234496625291	0
0.9056888613571056	1
0.9657888707443889	1
0.9087841492185629	1
0.945188574751596	1
0.9280153349191383	1
0.18389482687182196	0
0.28899643456858165	1
0.29358305334794177	0
0.4258845630342648	0
0.38671190276183537	0
0.24296614435605324	0
0.18977590216602658	1
0.8697806822467332	1
0.44733774536725185	1
0.8078477047209549	1
0.8804253573944486	1
0.6320236009028102	1
0.9071217738962999	1
0.6150594425826951	0
0.710798764702263	1
0.15348143661551591	0
0.190595409190651	0
0.35623406465459795	0
0.6803985378917952	1
0.41375693886430776	1
0.9510474291418017	1
0.49495524201253366	1
0.6033395413927762	1
0.26890847022605513	1
0.8897348200043392	1
0.9584758381042091	1
0.9770005439718261	1
0.9836852053381426	1
0.8567482505510365	1
0.21575581716521205	0
0.8999756310495952	1
0.7748692756124498	1
0.8948846401901928	1
0.17076947448472407	0
0.9613663829147154	1
0.8325139542973021	1
0.8999864586808823	1
0.2432665968541225	0
0.6819811754075493	1
0.9646681059412089	1
0.15392790253269142	0
0.9534576811563688	1
0.9453509123511621	1
0.7838229709481657	1
0.7963768284886484	1
0.9040786303460372	1
0.9391038467178383	1
0.9384178452897365	1
0.788114484181789	1
0.2294717939413677	0
0.8908553977111272	1
0.8981151851280196	1
0.9329840541078154	1
0.9666606496712974	1
0.9499761057433312	1
0.9554310596105353	1
0.9071456511494584	1
0.8367665934266753	1
0.8168345485489853	1
0.8675035831438421	1
0.973593791225094	1
0.7399253394710266	1
0.24216531714836395	0
0.27794673633732414	0
0.21654143432194992	0
0.302369063407177	0
0.3326747886614382	0
0.7390211867810759	1
0.6497817454831509	1
0.5152102951456897	1
0.8543274431186753	1
0.9688470566868247	1
0.8422232948342077	1
0.9648126060984826	1
0.930696017256863	1
0.9203142296944771	1
0.5206170353962579	1
0.8583717977735875	1
0.9522626478876789	1
0.6151256712042382	1
0.31303464324337404	0
0.21835305199192906	0
0.35624352250771624	0
0.9517066349657274	1
0.8535693309516559	1
0.3317983670114867	0
0.27033159986745137	0
0.9498606154480287	1
0.6406613189479542	1
0.880834447079894	1
0.6032983393873581	1
0.9613663829147154	1
0.9373643257120395	1
0.9667438337853039	1
0.7919880004816758	1
0.9478858307310165	1
0.2867395747541972	0
0.8325139542973021	1
0.8181091652713008	1
0.921657464083366	1
0.9030037298014126	1
0.9742259443232397	1
0.8949225930501054	1
0.1199030891316762	0
0.17802481800845335	0
0.2738037830888241	0
0.936396063961784	1
0.31565775544605057	0
0.4257945884912203	0
0.42701094388898353	0
0.16108742346588195	0
0.4368495489506891	0
0.21834031258593622	0
0.31582989192686356	0
0.22578864178013625	0
0.37629280304229257	0
0.9338573763396041	1
0.6701802322270018	1
0.7638124475576257	1
0.9257299260721001	1
0.6625495797874308	1
0.20889865138244115	0
0.9105854171223459	1
0.579067109753515	0
0.5970105801953159	0
0.3083987722376131	0
0.32739396072063137	0
0.9681864856341682	1
0.959201205160006	1
0.884222558631778	1
0.8134961187192248	1
0.24420465386362156	0
0.14374933335977857	0
0.9032303228664308	1
0.9518172203025596	1
0.7457307576552098	1
0.8294401975375435	1
0.8924383826290362	1
0.5788211750553739	1
0.5436535656574264	1
0.9465255809827632	1
0.9309331294720053	1
0.6758417700071064	1
0.7428044421948806	1
0.20866734400583578	0
0.9310903264265414	1
0.9318822899709631	1
0.9651735815907466	1
0.3999746225445498	1
0.5822079667255844	1
0.8067982195358353	1
0.7246504584253064	1
0.5372998936398706	1
0.7887046845339313	1
0.5885868628187886	1
0.8922811068550223	1
0.5267897699575724	1
0.21315843434621723	0
0.9591126316387121	1
0.6598860322618569	1
0.9591126316387121	1
0.43860261010618345	1
0.4771294331472758	0
0.8790673067870027	1
0.3001616784045995	0
0.8783358051464014	1
0.9767924614621816	1
0.9311817670427422	1
0.7469673178706324	1
0.879447041917891	1
0.9449961827738471	1
0.9698048552289086	1
0.8790102685444129	1
0.8789816131105884	1
0.13271318849290067	0
0.16048380147759772	0
0.9591126316387121	1
0.9216867774499015	1
0.9337217370646499	1
0.5401911799427117	1
0.5849810203122914	1
0.7930735776492638	1
0.14306276226899445	0
0.4084590472130227	0
0.18607842152455034	0
0.8144092082298761	1
0.7829304706767456	1
0.6168697581821185	1
0.6887807003031906	1
0.8458089728002229	1
0.773971733994346	1
0.7128522228744271	1
0.8476980730215985	1
0.7434089668527639	1
0.653907842281085	1
0.8946077228634376	1
0.9338466830888705	1
0.35889668803465397	0
0.3458633763314104	1
0.837092139206921	1
0.7936658959932301	1
0.967902870767649	1
0.7475630674197685	1
0.23230507546668716	1
0.6282890866590973	1
0.7995714916352871	1
0.27364595866089453	1
0.571087863638803	1
0.3681987745294066	1
0.5574175519533628	1
0.9553308222218311	1
0.8642895353067631	1
0.3353228839936946	1
0.7956907058211496	1
0.37059899297616766	1
0.3032729968775019	0
0.4082188327824611	0
0.9391341890791913	1
0.9324051115454922	1
0.9605485477865631	1
0.8998400883129486	1
0.540583359416868	1
0.7439875100061988	1
0.16354547966581556	0
0.6186817347439445	1
0.745368017313941	1
0.9627836658450823	1
0.8278474812836278	1
0.47939800262763	1
0.5975914826408547	1
0.8690268043592531	1
0.9641079476153678	1
0.8680172765063119	1
0.2809231127803898	0
0.5081817094989698	1
0.1655726231457111	0
0.30979649709336354	0
0.26289423751890234	1
0.5769180248342819	1
0.4217193682324115	1
0.9140715161443257	1
0.7684796132140415	1
0.19553320027994217	0
0.20974139081950924	0
0.846160089758585	1
0.9172509854617029	1
0.5449371256016481	1
0.7845097770947573	1
0.7101448836882599	1
0.47525732466265475	1
0.8937197645503016	1
0.6182820298867581	1
0.4840743983557401	1
0.8777975552738796	1
0.9160941075511366	1
0.9326249369198321	1
0.8458936991194199	1
0.8278111070899399	1
0.6307935880677353	1
0.7497402654628984	1
0.477954609256471	1
0.14636655961549155	0
0.594286891284894	0
0.977092949097055	1
0.5989497216636821	1
0.7406199857179692	1
0.247523806672031	0
0.9345145061312503	1
0.8255668355038114	1
0.9455480634834431	1
0.8916767820199883	1
0.3346176931816551	0
0.337096678232524	0
0.22570674475424354	0
0.2736028138246611	0
0.8370311065637861	1
0.2144831095493699	0
0.583918813055464	0
0.8697133240131367	1
0.3633888101790309	1
0.8377601274765836	1
0.4138553038540682	1
0.40089892657647846	1
0.932861257264933	1
0.9263314680651545	1
0.30590851395808083	0
0.9698048552289086	1
0.9176362609361842	1
0.9538584279891957	1
0.9684605364658726	1
0.8905160641031248	1
0.9518874807162601	1
0.508558614506318	0
0.16696680303446101	0
0.87483724642693	1
0.8347969994450772	1
0.8177241702645627	1
0.5295174761382926	1
0.7340685841459128	1
0.6264601406462418	1
0.5306683885276484	1
0.3533932798461891	1
0.9703457178815075	1
0.9396057065488057	1
0.9629859901882044	1
0.9467803301888877	1
0.8327058710327476	1
0.29750144350545216	0
0.87483724642693	1
0.9263516314035328	1
0.8527041507622747	1
0.8544502567000677	1
0.96064031332456	1
0.8569149556730862	1
0.8121302503440367	1
0.9515656073796493	1
0.4556941969369098	0
0.9118524559764303	1
0.18285963718743908	0
0.7951364420403148	1
0.9741520751205076	1
0.9532578694164933	1
0.8328863244153059	1
0.8997608414444653	1
0.952298442477059	1
0.8753812602753748	1
0.8812889088861664	1
0.9761123498981396	1
0.7487335022308919	1
0.9538861075114969	1
0.24991038546988542	0
0.23159455502465992	0
0.9613663829147154	1
0.9443741950375758	1
0.9296375465217851	1
0.3399509239010405	1
0.17125937518093312	0
0.16859224925030575	0
0.1835119828804991	0
0.9496818540128329	1
0.8417199949429159	1
0.9581407680644759	1
0.1328177071007859	0
0.2261081188166388	0
0.9648536300260393	1
0.9229987459840224	1
0.38257730448541166	1
0.9437718884389998	1
0.822979927567794	1
0.7519477632919711	1
0.8275905925548619	1
0.8488803771259825	1
0.9397914245330103	1
0.958917492401435	1
0.8163262094186244	1
0.7656239563550647	1
0.7835893491343058	1
0.9227409291280209	1
0.9356014667513932	1
0.2831813804659647	1
0.6238038624770494	0
0.22717894609866712	0
0.6677130569520119	1
0.8042823620216376	1
0.6538613751297604	0
0.37884703388593716	1
0.7905709697467509	1
0.9629045097006158	1
0.7114174581897273	1
0.27118809685767953	0
0.2060709999420289	0
0.9715746382149052	1
0.9102983548653668	1
0.8816943389215024	1
0.6000760569327738	1
0.8528344510161189	1
0.9513697855373722	1
0.9296914637684349	1
0.13425996237470567	0
0.9154732298610427	1
0.9754366983999533	1
0.3057119552574411	0
0.2597362185295904	0
0.7219567587183008	1
0.21869304427782055	0
0.21106777198503757	0
0.839090004208924	1
0.9172509854617029	1
0.9591126316387121	1
0.25495516635445037	0
0.9439088846986217	1
0.8798356022479112	1
0.9162513538532783	1
0.8704811342042224	1
0.9428770762030788	1
0.9742683326150385	1
0.6250824446284604	1
0.9377626368177119	1
0.5743832913282283	1
0.7374390995018836	1
0.6131291465142205	1
0.8931096533883034	1
0.4315299272796997	0
0.9616207115066986	1
0.6930162337324799	1
0.17741819445633805	0
0.909336702465791	1
0.8434141113901608	1
0.9669490886085427	1
0.3457449573762383	1
0.5805434329133365	1
0.3264017984869592	0
0.6472061800761272	1
0.5586121488708325	1
0.2805246567586407	0
0.6018988986820638	1
0.7559458967832636	1
0.9597421772419577	1
0.8444415451596212	1
0.786900158729821	1
0.6932815960823312	1
0.8486788862195362	1
0.2301057933968499	0
0.2376760808878843	0
0.25872061973441834	0
0.21091079893988351	0
0.4784001547382418	0
0.5097592494857479	0
0.46423697046666396	0
0.7102639178658829	1
0.40450362790580985	1
0.48255797456258775	1
0.606108360784784	1
0.4027232316396987	1
0.5908701700455925	1
0.3123763828125007	1
0.37057230017789655	1
0.28102755342657665	1
0.9528083725387719	1
0.9046940822989528	1
0.6646259288744913	1
0.9515038989284949	1
0.8314737545876391	1
0.9680670150831935	1
0.9496818540128329	1
0.9769175525610421	1
0.8495186857905394	1
0.1329530273029494	0
0.12338178881723721	0
0.9116106839484311	1
0.9169530023906117	1
0.5282707750375654	1
0.9128854469419015	1
0.7831844731010424	1
0.24791890995137464	0
0.19615965945867264	0
0.5341479760026927	0
0.7657041443550108	1
0.940906089154708	1
0.8523753001331434	1
0.6833877322874855	1
0.16737510150756552	0
0.9587468539932322	1
0.8790673067870027	1
0.9359832250744269	1
0.82478222474999	1
0.9272069713184199	1
0.9453251549095403	1
0.18489618675763053	0
0.33706908403603547	0
0.5128609920667764	1
0.4730120785552505	0
0.40153573966087075	1
0.679857965505632	1
0.6088474432316598	1
0.8058640160861917	1
0.8839982879268611	1
0.7987334891763751	1
0.7519149632894269	1
0.14095418464024523	0
0.11063744583414077	0
0.2562491626520167	1
0.3123582111586785	1
0.5564881433686509	1
0.2520355078462568	0
0.925105580053268	1
0.9259378317668182	1
0.9707802078259433	1
0.9012988705372342	1
0.8376496751126485	1
0.13319790163360765	0
0.9095369912334896	1
0.9478858307310165	1
0.9646681059412089	1
0.9238281920745598	1
0.92563845804582	1
0.8965138737726588	1
0.6281893736891283	1
0.2880347150179926	1
0.5488570457902607	1
0.9542739264561719	1
0.9433596633776508	1
0.19680342048600552	0
0.18472106951320094	0
0.15367148186817675	0
0.14229786654802548	0
0.11320820916189663	0
0.4044597808802688	0
0.9006881920879222	1
0.9603624889393089	1
0.7183494170487171	1
0.8790102685444129	1
0.9089303787977017	1
0.9761123498981396	1
0.26936048127529866	1
0.2941294953324472	1
0.6932280516612339	1
0.8694888578720179	1
0.2480435768264771	1
0.7760569346705992	1
0.4830577784875329	1
0.9681850851074604	1
0.8958885181566804	1
0.5756050713302302	1
0.93834250675154	1
0.20522261484123072	0
0.1802280602828504	0
0.1891370035263275	0
0.8725864681411362	1
0.9674079438871059	1
0.5596206739406563	1
0.21164246347560448	0
0.22553469841822438	0
0.9592107755568036	1
0.8900487068130873	1
0.8848453347416776	1
0.2714092870444407	0
0.9241254945479481	1
0.9443659822553857	1
0.7030145947021081	1
0.8759929552665261	1
0.8965002033510477	1
0.14271061403229238	0
0.957039177766736	1
0.2456919415641007	0
0.17460091769319003	0
0.21576891456559516	0
0.16962630858807506	0
0.9741520751205076	1
0.3485009462425542	0
0.7381890535357352	1
0.15484741491311727	0
0.14346049456443974	0
0.9369958487152972	1
0.9467803301888877	1
0.956691697417752	1
0.4221264295935561	1
0.9768178777470996	1
0.9545917116269058	1
0.2600686891217272	0
0.8342397420004896	1
0.9486000450064718	1
0.8433164972529502	1
0.898993247141253	1
0.8657879385519687	1
0.8200077391711557	1
0.1892835955259284	0
0.9663766339350119	1
0.8308621104023709	1
0.9577857429237022	1
0.1022108354930344	0
0.47264909834255564	1
0.8045996796274129	1
0.3320917598856997	1
0.7939201955213036	1
0.2654730764802146	1
0.8235614090783843	1
0.5718181769524864	0
0.26343027002030944	0
0.9024004974442029	1
0.19364890712142713	0
0.9582172902608604	1
0.8010151402908757	1
0.8148085671696282	1
0.2160953856206876	1
0.8372601880719875	1
0.6846335216724079	1
0.7473989594895453	1
0.30024678756153345	1
0.9037717402251008	1
0.9480904251143838	1
0.12662835123154795	0
0.36694700776702777	0
0.22038463832028735	0
0.48507294720944033	1
0.8812527245238739	1
0.8615251402652077	1
0.3252266375987942	1
0.6183163431600274	1
0.9174488120662381	1
0.9067263965063609	1
0.9370529240216642	1
0.9443659822553857	1
0.8466440910901276	1
0.45998740346818323	1
0.5065934622362744	1
0.8003103483480548	1
0.8018102553892379	1
0.7750661525401401	1
0.6658116828903231	1
0.8579313301029791	1
0.7485953267954178	1
0.12027245465322708	0
0.2037273494581601	0
0.5962887497392351	1
0.566971896870241	1
0.8637940385000262	1
0.816846916370142	1
0.7936908258008185	1
0.8355288268775997	1
0.8027989800167821	1
0.8630595930073841	1
0.6147493305562647	1
0.7455538372515016	1
0.646805629767086	1
0.8565120948239416	1
0.5191733866856748	1
0.5414035624736059	1
0.6667900286872944	1
0.306004922806772	1
0.5682017562480308	1
0.8915585532068094	1
0.9226696509012308	1
0.6132872290867308	1
0.762378139192884	1
0.7689913272876506	1
0.3346012097345218	1
0.6560587208562224	1
0.7397239059784286	1
0.7513352680937821	1
0.14986718606553037	0
0.8454106370615088	1
0.6038804044319209	1
0.7528974807686349	1
0.9259173548495032	1
0.3453833222660412	0
0.2542952358001989	0
0.9289796255832217	1
0.9749218662812652	1
0.9247369256453247	1
0.9217110101941546	1
0.9277011243043645	1
0.724070937606664	1
0.5517219450167125	1
0.9425399472403919	1
0.9277788846269693	1
0.9639904576171616	1
0.8177876943995169	1
0.2396355509658131	0
0.1894955020556389	0
0.15841200084231674	0
0.23116427961483965	0
0.9034414836389436	1
0.10116925693505927	0
0.20708430311682682	0
0.9336254789860987	1
0.8825215811557561	1
0.8984740792101352	1
0.7632990636786626	1
0.8187405922724993	1
0.18249374961932546	0
0.9659673710700406	1
0.9398604144036166	1
0.2326198084531258	0
0.6704981006141248	1
0.9315553794027326	1
0.18210687686622148	0
0.39719117584663066	0
0.34678569479357846	0
0.5433838176181132	1
0.8764941189445618	1
0.8340620851541892	1
0.8234238133279652	1
0.8849683522320153	1
0.7071424529129628	1
0.8107886686482121	1
0.784152936757977	1
0.13617485640299384	0
0.8520187709607292	1
0.8961926470691521	1
0.8532536768855526	1
0.8428279746648879	1
0.9429052622600186	1
0.9306221357867048	1
0.9174851680048205	1
0.704822568523818	1
0.9417483191743813	1
0.6568648319235088	1
0.6086317320614523	1
0.9151802808317824	1
0.9696687235204111	1
0.7712460653621228	1
0.8666289887065294	1
0.818792471864215	1
0.34613512988365774	1
0.8903674069090741	1
0.7686565114669844	1
0.9251936183400402	1
0.6576651327849966	1
0.8831477347898016	1
0.9455526666210581	1
0.8119800404016797	1
0.18342845754397052	0
0.18693644403259202	0
0.3860842165335876	0
0.15462829972715236	0
0.329181262401322	0
0.17677102234410746	0
0.9591126316387121	1
0.22192503068024486	0
0.5915745597179937	1
0.9642151940123486	1
0.835600187043924	1
0.946147030240383	1
0.5962709465388639	1
0.946147030240383	1
0.9282447202314833	1
0.22971515808537485	0
0.9550695483402107	1
0.9638000040391372	1
0.8878561839931856	1
0.9320029765100011	1
0.8568375465913782	1
0.7410411467292168	1
0.832181179881262	1
0.5724969282044655	1
0.7514437589760026	1
0.6604355680212128	1
0.515363243293439	1
0.5724944243323441	1
0.7234147691365128	1
0.28253859634803946	1
0.6429805672006068	1
0.2831288796065789	0
0.8144882119955364	1
0.31242755581646464	1
0.9197082037689096	1
0.8331097090899219	1
0.913351024003086	1
0.8297831989348203	1
0.8008491865578109	1
0.7497087581415356	1
0.9673915496681462	1
0.8727200689331686	1
0.83804131742009	1
0.833197232546925	1
0.42007171033139484	0
0.7178189823755955	1
0.4776195118315968	0
0.41012972446157947	0
0.6979266829249218	1
0.8834206445201331	1
0.36476612525097724	1
0.3947903853443114	1
0.5439176090779667	1
0.7313934644109767	1
0.8830529098207676	1
0.8098437758920656	1
0.931993426856519	1
0.7474699578647348	1
0.9103793730483511	1
0.5327025650209604	1
0.7437193364024666	1
0.5066020081565483	1
0.5644185938047577	0
0.7802169667279297	0
0.2007283206509394	0
0.8078851339858428	1
0.9042838527532302	1
0.5630402140966888	1
0.5619544235810937	0
0.5270748008638304	0
0.8377672686884872	1
0.544283462671058	1
0.41393844071750363	0
0.5468216713115075	1
0.416330058782837	0
0.7672197861786689	1
0.881940120828166	1
0.22783104488106318	1
0.8343228799220259	1
0.7701400531577497	1
0.8980915813950354	1
0.8789432877352157	1
0.5725693480437534	1
0.4978198854364511	1
0.5128104267896624	0
0.24659509821088857	0
0.37709821359457507	0
0.4270365096664133	1
0.9124401833656945	1
0.6712041909787783	1
0.9028098952095293	1
0.6103848415256553	1
0.5556513852783085	1
0.7060541514887412	1
0.30439765549684383	1
0.8458090680180481	1
0.6802796766305073	1
0.9016160904806366	1
0.2007283206509394	0
0.6831727322617986	0
0.5337149996134319	1
0.7590278299614155	1
0.590869265236558	1
0.8969585832588207	1
0.8987407562364393	1
0.26338042542841195	1
0.24479047558739758	0
0.18789297964950072	0
0.8912599076768131	1
0.8864243006905329	1
0.9053970547772313	1
0.9239515180749237	1
0.9006149102060115	1
0.1868134330478814	0
0.31084758908380744	1
0.35405701959858	0
0.5307473869823308	0
0.34023764659077343	0
0.30115804968374194	0
0.22878141244312336	1
0.8064973621340289	1
0.4681581192679096	1
0.7638869267452882	1
0.7905103772969534	1
0.57866694281759	1
0.8333384990542021	1
0.6048999637833439	0
0.7093542039757835	1
0.1340533066746714	0
0.19483647154886788	0
0.5194332284352444	0
0.6474626393355876	1
0.31044370468781446	1
0.9101542412951698	1
0.4216393114455924	1
0.5309791882010866	1
0.3409520755954592	1
0.8485663810953632	1
0.9491475999523655	1
0.9435136517792053	1
0.8934584264856771	1
0.691860114973335	1
0.5744722306683183	0
0.1517975174212663	0
0.884817451986089	1
0.5475605362416688	1
0.8822775885842266	1
0.1767194244525317	0
0.943861654129619	1
0.780562030038909	1
0.89910855351471	1
0.30816732749124087	0
0.6605271438257587	1
0.9295961998350346	1
0.16773697716675426	0
0.930444948860669	1
0.9265407758303611	1
0.6002619319690181	1
0.7029609658418235	1
0.19205340570900473	0
0.2290051763079666	0
0.890632515130499	1
0.9336795503328087	1
0.8213796283259618	1
0.6108642200346593	1
0.1682674241554581	0
0.17392791938665156	0
0.8732006201205901	1
0.14093095340667441	0
0.9054230527617403	1
0.9255525193048766	1
0.8892798509829319	1
0.9022231079264883	1
0.937551473894668	1
0.8839373660022547	1
0.8915830275200451	1
0.8208185875662015	1
0.8514985732765319	1
0.9042838527532302	1
0.5423546714881149	1
0.24482799600612395	0
0.2276423762819503	0
0.20035423834371882	0
0.28640310042115	0
0.33355288548787854	0
0.5435952583868332	1
0.5986208504303216	1
0.43111933631064453	1
0.8152481690189538	1
0.9336714839553497	1
0.8335573523813516	1
0.9600548798576187	1
0.9281738432992035	1
0.8757683819871489	1
0.4476615662765832	1
0.886242111835263	1
0.8921566254451424	1
0.5510132483988035	1
0.39500129283084945	0
0.37299832844493425	0
0.26626221524599836	0
0.41824696844245507	0
0.9166585232202584	1
0.609128364587132	1
0.4329127604282059	0
0.3129799673503127	0
0.3191542189434792	0
0.9020500572403735	1
0.5858582060625989	1
0.8879557551459568	1
0.5741346938050237	1
0.943861654129619	1
0.9503896321895006	1
0.8302013009701321	1
0.7451920158937881	1
0.869560448094512	1
0.3395287309655551	0
0.780562030038909	1
0.6637786676188913	1
0.902905549068532	1
0.9268260509872809	1
0.872963037864386	1
0.8840476456771853	1
0.13292369453279484	0
0.1979003986968424	0
0.25227562911522994	0
0.8992634379383483	1
0.2579650971299367	0
0.43578006573387074	0
0.4020607544902055	0
0.18399870389177952	0
0.5067660755064218	0
0.2528999468044086	0
0.3094858287361001	0
0.2639499034777416	0
0.4111578494458002	0
0.9095586024024933	1
0.6160239234700616	1
0.664744335468874	1
0.8355097895382823	1
0.6095567473255685	1
0.23574588117570117	0
0.8287760421628776	1
0.6791191204256226	0
0.5653340447872657	0
0.57866694281759	0
0.31509871235137316	0
0.2927048822934281	0
0.9562662809266311	1
0.9296525381052312	1
0.8545670708064421	1
0.7826146959309627	1
0.1955298619034724	0
0.13668869326856403	0
0.8656638121819462	1
0.18004862651996945	0
0.9227517923776918	1
0.6008920764021927	1
0.24502650500245643	0
0.7823006543821102	1
0.7906006849710093	1
0.547021060173632	1
0.49523105934232253	1
0.9077170016995574	1
0.8921644938286899	1
0.5964177871239437	1
0.5887517856952347	1
0.23637239533864993	0
0.8773885041588332	1
0.8411553454554642	1
0.8194971446781674	1
0.3508960536057213	1
0.49995961010324314	1
0.7523268622221911	1
0.621914057908809	1
0.4623027473566428	1
0.6714255913070989	1
0.5038906534108235	1
0.8649158607218876	1
0.5113060578022285	1
0.17000903727234518	0
0.9240115815666979	1
0.6107009422307558	1
0.8950432383332944	1
0.42741881910123697	1
0.5013084907448947	0
0.7258534545873411	1
0.4204573967137864	0
0.8682546956126559	1
0.8947207103447556	1
0.15960808805317991	0
0.7951287776918333	1
0.6861209443727081	1
0.8397989468018296	1
0.9175449970815055	1
0.9546135210739846	1
0.8867097099884255	1
0.8551546966165638	1
0.15952484128987013	0
0.1952228698877732	0
0.1803786789073597	0
0.8950432383332944	1
0.8851591824509658	1
0.8101754222087838	1
0.34248709104565395	1
0.3541493978216607	1
0.782931298752581	1
0.15424015379836817	0
0.4020793224744535	0
0.218306165425969	0
0.7703218730451649	1
0.7875331067477002	1
0.5415105110568383	1
0.619453512701567	1
0.7237853138010076	1
0.8085448200513078	1
0.6406983620239474	1
0.7840965973695855	1
0.733646548321142	1
0.5893239583884129	1
0.18641817751795337	0
0.8462928322979804	1
0.9370388724392417	1
0.38054018047331994	0
0.5661248571845804	0
0.3780354791616622	1
0.28224170862951875	0
0.8097480283992724	1
0.7192700722980507	1
0.9399867322267584	1
0.6800386912840493	1
0.24521695811850466	1
0.5090303884177532	1
0.746106323710766	1
0.2628488208165105	1
0.5429391765705358	1
0.37973183766534224	1
0.4741146841616616	1
0.9481727810213135	1
0.6087150898298932	0
0.5116909291168451	0
0.4042790107873862	0
0.2046817854372996	0
0.8967785727102175	1
0.26175475831219414	1
0.7063849278078405	1
0.4530445493872084	1
0.3246545965698672	0
0.43911750504519775	0
0.8827519597390256	1
0.9366559989327975	1
0.9115382174127907	1
0.770105581825626	1
0.49532837873457225	1
0.6142248790623405	1
0.18889882978018727	0
0.5107343419166176	1
0.7408228045684132	1
0.9168716419986237	1
0.7406946534000963	1
0.3455795520800306	1
0.5147810319988125	1
0.8026907306686	1
0.9370184475817608	1
0.8452150257646248	1
0.25596524838009205	0
0.19224880894427115	0
0.438379226961998	1
0.16721107933568088	0
0.2735939992583179	0
0.21578007423613574	1
0.5388970950902633	1
0.4595542609291096	1
0.8940275288560965	1
0.717001742734262	1
0.23072590039561935	0
0.2116264507942743	0
0.7719890184025742	1
0.8373116371321963	1
0.4635687795339517	1
0.8392933283759173	1
0.5879805076520443	1
0.393744705767616	1
0.7937536656520113	1
0.6020764315634388	1
0.4251345077314109	1
0.7202724686718481	1
0.5304083602116686	0
0.24430227680287112	0
0.16099131158294025	0
0.23401510820152652	0
0.8346470961870621	1
0.9197082037689096	1
0.765352807392958	1
0.731416075831077	1
0.5490329532873532	1
0.6467726466380509	1
0.3996853011116082	1
0.17785567144870804	0
0.6083014094959457	0
0.9559109194648155	1
0.46546405998969304	1
0.5905749677104929	1
0.23873163860697263	0
0.8753064190423504	1
0.5177748746953474	1
0.911499842248973	1
0.8371674156918903	1
0.4172534117334491	0
0.3889470388996104	0
0.25974698450095635	0
0.26216236541385185	0
0.6719956721915754	1
0.27514712376763284	0
0.6024941936065561	0
0.8860657480226031	1
0.23973363707883563	1
0.6904148593429688	1
0.448335313831689	1
0.3849160713005217	1
0.9320565541681219	1
0.8458090680180481	1
0.3098411975356129	0
0.9546135210739846	1
0.8588488080982379	1
0.2088943478092734	0
0.5279140298924268	0
0.9348945208648365	1
0.942567347482436	1
0.8709990982758089	1
0.9172179697198934	1
0.6382997713754822	0
0.1831250035685353	0
0.9126697701201668	1
0.6994642434312205	1
0.7114165516173577	1
0.3913391514142161	1
0.6358594219140579	1
0.5452029523093916	1
0.41910846439070093	1
0.19192788851619536	1
0.9293132674813712	1
0.9554673921668604	1
0.9533451703329819	1
0.8917678340983397	1
0.7895030280517885	1
0.2915626260929462	0
0.886242111835263	1
0.9151065768434467	1
0.7855703896418964	1
0.7316380571028351	1
0.905257426974287	1
0.7902446565889548	1
0.7126340447909848	1
0.9063458897225246	1
0.5044385385222787	0
0.8811914379342934	1
0.2163098633160539	0
0.7025747492867098	1
0.9550978385095419	1
0.9357333766315786	1
0.8227208761952379	1
0.9214455335634975	1
0.8879310892413743	1
0.7365992172992054	1
0.8732045332020093	1
0.9167857648841456	1
0.4029063346373695	0
0.20194552858693318	0
0.6897483523149933	1
0.9300757977875554	1
0.302469289368521	0
0.6145160685664929	0
0.5443152325413319	0
0.14994430879252701	0
0.2971908917273888	0
0.9488488888121682	1
0.8965602490906588	1
0.9087596462416866	1
0.2241258111009129	1
0.19972854255784125	0
0.22725681689742833	0
0.2541534390535986	0
0.9341136827040715	1
0.7764092644014593	1
0.9236082178257267	1
0.13823574790219298	0
0.26909686376285696	0
0.2079288041237246	0
0.8476220578900502	1
0.1622508962098382	0
0.2823110565036424	0
0.9157641693178384	1
0.36270619672776133	1
0.911499842248973	1
0.8044947298820627	1
0.7046003077816151	1
0.838326927617523	1
0.8357901299717692	1
0.9198378669500584	1
0.8608658966102497	1
0.6781862830635365	1
0.6424074002997894	1
0.7062693886598096	1
0.857710884352294	1
0.9394228342211339	1
0.24286896030702965	1
0.3277653063732581	0
0.5943275573170883	0
0.30928780296932706	0
0.625571766062873	1
0.8264332547730592	1
0.7823853725315045	0
0.3210716283222618	1
0.8244084864932891	1
0.9079417189949197	1
0.7104727785869077	1
0.31379242876935143	0
0.22375731300731147	0
0.9282306690687949	1
0.920482879401488	1
0.1743419038505629	0
0.8667831660534069	1
0.5463135628350749	1
0.7823431519762785	1
0.924812905966024	1
0.8936302294010625	1
0.14187334153212044	0
0.2920283964990511	0
0.9152874275736727	1
0.8911043835620609	1
0.29595448808285824	0
0.31102081984908364	0
0.7308195140453546	1
0.24532652976567537	0
0.1987408943557168	0
0.7733243966589156	1
0.8373116371321963	1
0.9065270119182	1
0.32608666628408683	0
0.9173367506190077	1
0.8211305912999214	1
0.9168901852020346	1
0.765920171731605	1
0.8855598441142444	1
0.9495578161620891	1
0.6533121732175201	1
0.907618799346157	1
0.48344496962215094	1
0.7264737466152376	1
0.5217399905989619	1
0.8521253244206324	1
0.4866837117372313	0
0.3340053683988934	0
0.21160976431663422	0
0.886941982583033	1
0.5672712892982402	1
0.23577307775150802	0
0.19808794607501654	0
0.836738240159356	1
0.8533399787345027	1
0.8697546378140524	1
0.38680003777185407	1
0.45134329340308604	1
0.24536688250332092	0
0.5395048774822359	1
0.5074932002242382	1
0.3469986834878946	0
0.5431339205766682	1
0.6892673937283392	1
0.833669550734719	1
0.7461907614278583	1
0.7867006209880151	1
0.6809954237142134	1
0.8516433002697141	1
0.25974698450095635	0
0.29792519078352364	0
0.19610892368075977	0
0.2455703457561476	0
0.48264405138749844	0
0.4701695356123535	0
0.47579867498693756	0
0.4179158188455328	0
0.3188403391429907	0
0.632307051572692	1
0.3964470005283119	1
0.33366763063837207	1
0.27433265998073464	0
0.2661972656126634	0
0.5125755153902453	1
0.39154866267152594	1
0.5671109131794967	1
0.3649416853670093	1
0.4080791473127551	1
0.23387198512449814	1
0.9228515952980945	1
0.8684478452562437	1
0.6121660243414236	1
0.46598541858920656	0
0.4227811953875649	0
0.2517439550509823	0
0.9079417189949197	1
0.7367645130211347	1
0.9454304798209447	1
0.9288688117576784	1
0.9455677181422516	1
0.8913514351346152	1
0.14229288058959313	0
0.12534803008212606	0
0.8557582033993647	1
0.915503724601299	1
0.43857301521390596	1
0.9026574905123123	1
0.7371669723249907	1
0.25387476646826507	0
0.18514332855143578	0
0.5537535280892417	0
0.6102943096189467	1
0.9182597379534085	1
0.8221692531280617	1
0.6172127078259408	1
0.2024588528546815	0
0.9079417189949197	1
0.7202724686718481	1
0.4732489218450305	0
0.23620898639312354	0
0.9095721720276839	1
0.8194907592331971	1
0.8630588628542345	1
0.932512108165088	1
0.2067652888553337	0
0.3336395283869157	0
0.5120314110378095	1
0.5075105014515408	0
0.2735951863522722	1
0.6289531614482031	1
0.5764771838301661	1
0.7737423360995291	1
0.8685845168807406	1
0.7545086764922921	1
0.7286254645670218	1
0.13552197031387325	0
0.11392978955108468	0
0.18939469855440405	0
0.2965014600182402	1
0.19977799876362318	1
0.3933348506546809	1
0.3580449732727042	0
0.8746820578100852	1
0.8827360642993248	1
0.8889969186292686	1
0.8311137002063387	1
0.7638146235036679	1
0.16297307551090803	0
0.9053970547772313	1
0.852759144058746	1
0.9295961998350346	1
0.1285229284710039	0
0.8211478019635403	1
0.8929745508722335	1
0.8507289819252584	1
0.5002949479762173	1
0.2008538900964531	1
0.4717086986596767	1
0.7998252853597773	1
0.8702296319964076	1
0.18279004277720937	0
0.16440624353980063	0
0.19608933984259772	0
0.16806073502191649	0
0.1232945001018984	0
0.48484768723515365	0
0.8850962672179297	1
0.9236082178257267	1
0.6398790508441904	1
0.8867097099884255	1
0.9103793730483511	1
0.9181907579641104	1
0.20661626630082974	1
0.2672215691043904	1
0.667397312393447	1
0.8470983499214998	1
0.2300986818809799	1
0.7098109427651842	1
0.49608676047962036	1
0.9495578161620891	1
0.826730011542119	1
0.48983209789184934	1
0.907618799346157	1
0.20629945135101427	0
0.18418650724510635	0
0.2053042182076523	0
0.84704281237086	1
0.9493623941561665	1
0.5079841253144335	1
0.23242352142527328	0
0.2142153724017554	0
0.905577814823062	1
0.8607387044380407	1
0.78388007415374	1
0.2319661296789515	0
0.9141795348848961	1
0.9503896321895006	1
0.567909240908087	1
0.17898615603037968	0
0.4538647870701331	0
0.40603008124168577	0
0.5447513931622071	0
0.3059052953120495	0
0.38775815926479246	0
0.22780024813360117	0
0.237203830966104	0
0.2646267231851042	0
0.2431543342696766	0
0.2901088353999073	0
0.8105391277141442	1
0.9094865189483037	1
0.15487203878291053	0
0.951434824132213	1
0.2685598456306602	0
0.18853869815183227	0
0.2414245469951157	0
0.5268326867850495	0
0.19304904212012605	0
0.19972854255784125	0
0.9592926941873188	1
0.26803659630443905	0
0.3587445350641849	0
0.6810582935755388	1
0.19706655160881897	0
0.17790840965144114	0
0.8857762225802952	1
0.876946096380022	1
0.9118898773252407	1
0.4054029950620814	1
0.9445091489261658	1
0.9044809683402051	1
0.2706562330035806	0
0.7779192391496339	1
0.9103878255607945	1
0.8419081946407276	1
0.263744173411736	0
0.43793392177466295	0
0.8594976674219317	1
0.8506357368657753	1
0.6200975698424142	1
0.1824492078317422	0
0.17336578730806124	0
0.9356996165956152	1
0.712577341289162	1
0.8348514404061579	1
0.10150488941038902	0
0.480267857980855	1
0.7418697742877406	1
0.3148164229060613	1
0.66637943081895	1
0.2434569861846013	1
0.8244391492020678	1
0.6183738697715142	0
0.22984097946924373	0
0.832187177975941	1
0.20260757907243807	0
0.9457501595844068	1
0.789454018530989	1
0.6624608528744538	1
0.28046737907277064	1
0.748120986094465	1
0.6877436089567762	1
0.6762991467088648	1
0.28292410967534287	1
0.8859184384630326	1
0.9524563455076699	1
0.1560460291283318	0
0.4272568235147903	0
0.20063212267018257	0
0.45871033301366865	1
0.8766193686551201	1
0.795420986348646	1
0.24990618810953483	1
0.6428742242033826	1
0.9149648129840198	1
0.9141795348848961	1
0.7916071959962636	1
0.9503896321895006	1
0.890173851090831	1
0.4028984078107023	1
0.44645473000162506	1
0.7442523987901124	1
0.8567815796001811	1
0.7802252124034986	1
0.6567482053812292	1
0.8922389871156742	1
0.5661083502440067	1
0.12597509689528524	0
0.19119199106593596	0
0.6212764342754398	1
0.4665435460125812	1
0.8589935705967287	1
0.8032442347267099	1
0.7932276450648211	1
0.7935096672431109	1
0.7151691248884942	1
0.7726054805613134	1
0.5275060801828282	1
0.7051227520664962	1
0.5608176675310617	1
0.819326196423614	1
0.41160340943591905	0
0.5025100399592256	0
0.5257663738502559	1
0.5347384972304264	1
0.5458961382137604	1
0.309175268378915	1
0.4912055272506861	1
0.8848472793628076	1
0.9285774695010338	1
0.5699740686657971	1
0.7130685022488251	1
0.7384390887364043	1
0.33579013211053416	1
0.6057488751234597	1
0.6929178351791859	1
0.6577559593707311	1
0.15952684921491112	0
0.21776586459245117	0
0.8406165015913004	1
0.57321161582282	1
0.652794818381954	1
0.8823210077994497	1
0.3793672116042459	0
0.1788482215394486	0
0.9167966888029416	1
0.9620029817110516	1
0.8265959443059441	1
0.8617123672543694	1
0.50716944573652	0
0.9094865189483037	1
0.5618848538626973	1
0.5566832793673586	1
0.9353985159801682	1
0.8687758505574783	1
0.9318841205101864	1
0.5177748746953474	1
0.2931249167374912	0
0.24991925942592985	0
0.17495678617754468	0
0.25829982139988666	0
0.8637765390459613	1
0.25647898987723416	0
0.13925524230494563	0
0.20000425346471332	0
0.9285774695010338	1
0.8589960978416394	1
0.7887696720587845	1
0.5535585837094901	1
0.5998469461851833	1
0.19972854255784125	0
0.9533451703329819	1
0.8931267817246302	1
0.2693994606740288	0
0.6153305260921029	1
0.9026347801168647	1
0.23343733428484514	0
0.4913784296603334	0
0.44221273871827504	0
0.4848079006591678	1
0.8478341821182726	1
0.7821720644397793	1
0.6794372934108448	1
0.8562510926328827	1
0.7219992004815817	1
0.8057287127441367	1
0.6528671280682594	1
0.14829129561220472	0
0.8811604955086836	1
0.8602328874742612	1
0.8721220331314561	1
0.20159103157766137	0
0.24474534790670938	0
0.8516184028821072	1
0.7835091443101819	1
0.9091972166137764	1
0.8792892780405934	1
0.6897985083492297	1
0.9430376729437056	1
0.6606481170147986	1
0.6280441301449479	1
0.9152012664481698	1
0.959764028166067	1
0.6995559680884572	1
0.87021734733464	1
0.7946807077349196	1
0.32988439773196054	1
0.9160835025767743	1
0.6845255203035563	1
0.8446072214768321	1
0.6535714089809102	1
0.8274139155885044	1
0.273653250444277	0
0.15533679884714255	0
0.8851830273826833	1
0.6624700040401146	1
0.18393798714194598	0
0.18160513720807114	0
0.4462828964954134	0
0.12543425531948027	0
0.3000594808897047	0
0.1704621706240244	0
0.920616266611947	1
0.20008528894912966	0
0.540630190241654	1
0.9273775400611606	1
0.294984163665662	0
0.3123437692362318	0
0.8754204126631104	1
0.9113703860979743	1
0.13361980463533013	0
0.4992131086467206	1
0.9113703860979743	1
0.867795153017921	1
0.3075403222335471	0
0.9414153830886813	1
0.9497268874974176	1
0.2612941692716928	0
0.871798435718805	1
0.21498122188980862	0
0.8990833218332627	1
0.6787448109126786	1
0.7661863975716133	1
0.7312147183171597	1
0.7497157583223448	1
0.680387322148698	1
0.6498262806170212	1
0.5855423120544124	1
0.7702638704259465	1
0.6701320504643704	1
0.6066870171906721	1
0.6263090976666006	1
0.45194567134826746	0
0.836325898441967	1
0.2360675331049295	1
0.8208893822228153	1
0.6739587483967927	1
0.6879547256389771	1
0.7139090794009897	1
0.7746448921251882	1
0.47304105785707173	1
0.9168812775333324	1
0.8755971228833112	1
0.7720791604890144	1
0.7599293614899872	1
0.3451715473920671	0
0.5720009464409275	1
0.4138499226379701	0
0.3079612742167278	0
0.6734967481563925	1
0.7588088467755992	1
0.35813812551846425	1
0.3591371667652268	1
0.5007687211111952	1
0.5967682099666135	1
0.8488384075320492	1
0.7540686417267337	1
0.811506453744073	1
0.7147571805169803	1
0.8408895984085898	1
0.5207282338111007	1
0.7350677298867057	1
0.48704836051569184	1
0.5331258717920617	0
0.7027336130437081	0
0.4411639489803391	0
0.7718148210494543	1
0.7565633079472164	1
0.598364800163329	1
0.6373786908949084	0
0.5897947480322785	0
0.8365052515386422	1
0.528218445154526	1
0.5705685057441096	0
0.5395866410207796	1
0.5822430624232302	0
0.728925961050804	1
0.7317991557243989	1
0.18008947059345712	1
0.7152174263958682	1
0.7457994527346651	1
0.7340993181654182	1
0.8457998627154142	1
0.5763975026095747	1
0.37043039535102973	1
0.5513407773092167	0
0.275877285477309	0
0.513785248526916	0
0.5630362276925951	1
0.8408895984085898	1
0.5087948877631358	1
0.7432912264454085	1
0.520343217731108	1
0.44369954635261555	1
0.5522980886316167	1
0.3455969408686402	1
0.7541300008619118	1
0.59840583438414	1
0.8361672822042995	1
0.40863379705363423	0
0.5853551629888447	0
0.46933048877927114	1
0.48651659056956886	1
0.5130287411973855	1
0.7515713180974928	1
0.8779749744686228	1
0.2119310565469738	1
0.2607706122027811	0
0.15887996008602318	0
0.863856312176052	1
0.7503530439624729	1
0.8396279859250813	1
0.8493796217165176	1
0.8558061378033167	1
0.13555313509506184	0
0.28790219994943783	1
0.3654986309551096	0
0.2602344793042437	0
0.5174834796851729	0
0.4262694354389424	0
0.2903830239069981	1
0.8287809263387582	1
0.5786308871995112	1
0.6813102273553244	1
0.7336782203925105	1
0.7444427051257059	1
0.8030309607611127	1
0.5044625554349326	0
0.5969913668245056	1
0.15508447553853702	0
0.18932223806711673	0
0.23522705147086156	0
0.678665839655243	1
0.42379022223490354	1
0.8794995843125603	1
0.3580720512799092	1
0.3233548856656839	1
0.5047093063425646	1
0.8426597279407155	1
0.9032647976425328	1
0.8977064558162156	1
0.7551011824036108	1
0.6215081138748905	1
0.5932993736070604	0
0.2677663910592184	0
0.8540420153679663	1
0.6119962579083693	1
0.8409775753362426	1
0.15786062307897125	0
0.8992228438937389	1
0.7251971102038044	1
0.8559022366964423	1
0.19496520513276178	0
0.5729783470563502	1
0.6940178385455189	1
0.37865880092174103	0
0.9007474537376765	1
0.8317930422443796	1
0.5934402792812812	1
0.6653865959455455	1
0.29053612598341	0
0.42391788305645145	0
0.7938180852636775	1
0.8155436228626405	1
0.6920559719229413	1
0.5246658279636036	1
0.27248394164940837	0
0.4539415437639627	0
0.8472734428537159	1
0.17233994520319498	0
0.7470951664011782	1
0.8293451154002969	1
0.7077570606624204	1
0.6303838490612652	1
0.8870229257009137	1
0.8501000200155577	1
0.7683943367864916	1
0.7565892824936273	1
0.8611350925381412	1
0.7565633079472164	1
0.6347541217105718	1
0.49291407171573903	0
0.39172818108209484	0
0.35176388441882145	0
0.3104555886341199	0
0.48873850848676115	0
0.6411383123664581	1
0.5937639140647986	1
0.6553062384468533	1
0.7132630951866042	1
0.9046454044212392	1
0.7088271243146922	1
0.9247270254696575	1
0.8787873747297035	1
0.7987623967995059	1
0.2954509236037934	1
0.8715322482613824	1
0.884772707706813	1
0.3037484947909485	1
0.2583392323822067	0
0.44039706803914547	0
0.39830786606295754	0
0.49089247672037445	0
0.9185848731283639	1
0.6178481976986501	1
0.594520779372568	0
0.4004956277627998	0
0.47554794335217265	0
0.8026285360661127	1
0.48991777467725034	1
0.6507889853295339	1
0.6192024266702092	1
0.9007474537376765	1
0.8337008761921494	1
0.708360266998836	1
0.5418572107701837	1
0.6749554591671469	1
0.15395318365302363	0
0.7251971102038044	1
0.6093175250078915	1
0.8306273952721136	1
0.8925480839514901	1
0.6792552605556367	1
0.7724436795198677	1
0.17865567206917515	0
0.3701829434110076	0
0.4548242700752392	0
0.903709292819359	1
0.25110818443433497	0
0.4433541236090201	0
0.4752301308958189	0
0.1594169409565057	0
0.33429222796032043	0
0.16249361720171943	0
0.2328393953726083	0
0.24710392359847375	0
0.2636351052346349	0
0.8857345073998201	1
0.5242844177125415	1
0.4443385264704729	1
0.7217339669862719	1
0.4607523677936312	1
0.35976414991589806	0
0.8320196228244009	1
0.6781151856700014	0
0.5898444630313098	0
0.6771232152176547	0
0.4252218455995243	0
0.4807439528851642	0
0.8962318078389893	1
0.8807602121760455	1
0.7980298882295445	1
0.6582650287383609	1
0.17880612894674616	0
0.35530182918529113	0
0.8067503127039538	1
0.203830193969554	0
0.8882827856725879	1
0.3093393641554	1
0.24008906089854576	0
0.6771836861417733	1
0.7230340443045549	1
0.5259322982539713	1
0.3925511872161262	1
0.9145854457020826	1
0.8156307832051398	1
0.5677297939795689	1
0.6127733075604247	1
0.3516992805391216	0
0.8404755210067988	1
0.6963416299200902	1
0.6877909928207075	1
0.2960115354998007	1
0.5145564112041704	1
0.7580060076279709	1
0.6205324741700708	1
0.5804695618602798	1
0.7320194243906789	1
0.6570194435133513	1
0.7454004421106261	1
0.49464138352640646	1
0.3933780818253506	0
0.7573987852339487	1
0.31797872070593874	1
0.7573987852339487	1
0.45113923163563036	1
0.45420452412326334	0
0.6215711559285112	1
0.2555837125707257	0
0.8131484195302108	1
0.7370902162479195	1
0.3411978556376793	0
0.6357986371565965	1
0.5994219169397763	1
0.733985832126314	1
0.8344788131158036	1
0.9023412313700762	1
0.8537648375742344	1
0.7741880113134654	1
0.1997752753870674	0
0.22945587772184683	0
0.36941021165487853	0
0.7573987852339487	1
0.8478676394099759	1
0.647268936736549	1
0.6215936098615669	1
0.5740319335448273	1
0.6714240487438707	1
0.15491403076777835	0
0.21035215454383036	0
0.15597982505382835	0
0.6830611103542924	1
0.7035188790961746	1
0.639097021928914	1
0.5517128292401116	1
0.7742521918809427	1
0.687979381425709	1
0.6289849212365358	1
0.7951349601445452	1
0.6724081692642823	1
0.7301781175852073	1
0.31423108954747747	0
0.8520126478588261	1
0.8949507479326896	1
0.19227856975484284	0
0.6968942147621883	0
0.5596960021527697	1
0.30387113899988055	0
0.7257334497673895	1
0.6625953006173617	1
0.8987904764976166	1
0.6480371069390949	1
0.30306396943805053	1
0.5459680562786052	1
0.7363556841950121	1
0.3624443919692491	1
0.5708551094062055	1
0.4292704597230228	1
0.5749939964042158	1
0.8483730930816893	1
0.635634336567804	0
0.4634939819405846	0
0.4885909210167441	0
0.5246548835587351	0
0.8596162472022327	1
0.28006463889098554	1
0.5750045837140808	1
0.564799335712018	1
0.20045880333337096	0
0.22749559122670512	0
0.8800363549028701	1
0.8347708662114942	1
0.7385121921334824	1
0.6683502849929149	1
0.4993217083385529	1
0.3858681515053937	1
0.38067743913315105	0
0.49025235432438136	1
0.7224344995213724	1
0.9036874326746578	1
0.7522670040176184	1
0.569793524367832	1
0.567723801143133	1
0.7573724311099874	1
0.889053624884325	1
0.7768306277859044	1
0.2838082499823961	0
0.41647482228064037	0
0.4747557917511769	1
0.2268434490430636	0
0.217621218944598	0
0.2328401613767268	1
0.33759932546273136	1
0.5460451051634285	1
0.8746688348159509	1
0.7299271158890791	1
0.32746864306557993	0
0.38096379164397365	0
0.5890606093265416	1
0.739498250242905	1
0.3398148837933811	1
0.847756058821746	1
0.450277013928642	1
0.5786596926516419	1
0.7420300209791187	1
0.3353535620797991	1
0.48481416140433575	1
0.6296437422865666	1
0.4645160607080653	0
0.3009418523943815	0
0.20742873867520875	0
0.33182192466164473	0
0.6697361535282154	1
0.8208893822228153	1
0.5781077470141849	1
0.633561779796839	1
0.585153919841779	1
0.570370924297949	1
0.5587598986836906	1
0.23159876084231776	0
0.7142970423609702	0
0.9263860718445759	1
0.3463082074492265	1
0.5579641353941974	1
0.3216876701427559	0
0.7899385848849344	1
0.6191867701392849	1
0.8908708798029613	1
0.8469350929980576	1
0.5228043749515455	0
0.5124899655454508	0
0.47752732296592426	0
0.33664782446561	0
0.6550495481256168	1
0.4743816651344953	0
0.6176072295353534	0
0.8715322482613824	1
0.463735031438731	1
0.6698941519091219	1
0.38174174574774894	1
0.2699231834926124	1
0.8878643683051	1
0.7890491995236973	1
0.2831124322009103	0
0.910638854933917	1
0.7737160785024416	1
0.3577245707631251	0
0.29481648942787264	0
0.8177037746030785	1
0.9154546353955324	1
0.753669492449621	1
0.7969202415172519	1
0.6175754161678401	0
0.13815411390223434	0
0.8672568832040406	1
0.611384375550383	1
0.6748650224025812	1
0.5183108701912552	1
0.7379971895796339	1
0.47505073350494065	1
0.41345760664150355	1
0.19429380606306854	1
0.6895790873296336	1
0.9001428159776824	1
0.8951998643873271	1
0.7218940327331924	1
0.6733443483261665	1
0.45459922363838984	0
0.8702706357778739	1
0.7953625400182196	1
0.7579172655933648	1
0.571393749425745	1
0.88174246226132	1
0.6184443825794699	1
0.5035267412915712	1
0.5518658453340989	1
0.2510178390538175	0
0.8540420153679663	1
0.34984499914251727	0
0.4975974166959302	1
0.9119570433936326	1
0.9075173373497453	1
0.6513326866079996	1
0.874611002930266	1
0.7425530304020777	1
0.6445957144548251	1
0.7745362967466173	1
0.7249324846988007	1
0.36668122365569567	0
0.40609508029603175	0
0.6265591928486367	1
0.8357344236356119	1
0.33211849715911235	0
0.69181834083383	0
0.7278717542776363	0
0.18789208320482714	0
0.20310325118145378	0
0.8967244742312649	1
0.6758828805878523	1
0.8458119459866466	1
0.4032575366953464	1
0.35641626632611256	0
0.3543078408954631	0
0.23752580393617825	0
0.864073732793808	1
0.59157607256688	1
0.7447915675772387	1
0.21415099420264738	0
0.19520786579164195	0
0.1756600301845248	0
0.7373523241715289	1
0.2681410393027975	0
0.3620397929998848	0
0.8707696056603162	1
0.5323224487729799	1
0.8970056254896756	1
0.7330925041914117	1
0.5613446904094974	1
0.7949884010027497	1
0.7212478267795305	1
0.8883401807490772	1
0.7245953791006078	1
0.546549923418365	1
0.7072631271027613	1
0.7214161853031359	1
0.790542886780884	1
0.8364719834475867	1
0.412136504673185	1
0.45760927636278864	0
0.4554013667013808	0
0.3919340489549839	0
0.36268268579981433	1
0.7914584037718504	1
0.7786440854889723	0
0.38290378975765677	1
0.6559748871790643	1
0.7599217128392992	1
0.3857810632222296	1
0.20057518132561114	0
0.16300510665548912	0
0.7019512256637789	1
0.8797572525752447	1
0.4431486162126426	0
0.8598734800546327	1
0.6343249219210029	1
0.6424959591730003	1
0.8404029162698154	1
0.6907735081993708	1
0.14396874506645685	0
0.4404104837000133	0
0.8596097412792432	1
0.7476655164652527	1
0.20697518613161436	0
0.25234119137951155	0
0.7092878109536148	1
0.34778665390894575	0
0.38096379164397365	0
0.5890606093265416	1
0.7345364190469225	1
0.7573987852339487	1
0.17218192347229297	0
0.9002237997210719	1
0.805121559738824	1
0.7391317297357166	1
0.6525028101987096	1
0.6129657265113105	1
0.9241268617705652	1
0.5492514190211949	1
0.6876278156883547	1
0.44350878792594123	1
0.5535270059167721	1
0.4004622584138534	1
0.8171698373355265	1
0.36316813411913546	0
0.27424504918528564	0
0.28442108368283314	0
0.8774910661004001	1
0.47482803824823544	1
0.3819003748882408	0
0.2829691747564293	0
0.7451280973174428	1
0.6610379029682679	1
0.737373575341977	1
0.4333697236559223	1
0.32082827383135004	1
0.2231392135908009	0
0.4407157065621703	1
0.4168131240016432	1
0.537577674383895	0
0.5566242741209072	1
0.5856043848808811	1
0.6990254378389769	1
0.7466598475651868	1
0.6549833880590618	1
0.6111990341821553	1
0.6801091392176086	1
0.4593760722022233	0
0.4187546220291411	0
0.3984666618527934	0
0.42246064631380587	0
0.518296053935131	0
0.4254442474039976	0
0.30575619604743315	0
0.5949452260772152	0
0.3927439743654695	0
0.5022107140816723	1
0.2998245394253466	1
0.2943924905335148	1
0.32990637264344996	0
0.31921975787925483	0
0.5325818069452972	1
0.49566450846899157	1
0.579411588715647	1
0.4459215628909811	1
0.5170978876861124	1
0.2705307109554112	1
0.6372593291654134	1
0.7690557590413993	1
0.32784652212536386	1
0.5986327226184595	0
0.39903539063349713	0
0.4794887281615757	0
0.7513644935879623	1
0.6552262335518164	1
0.9042467792274835	1
0.8912894790379504	1
0.9088408116161952	1
0.6638818252864013	1
0.14011497379621657	0
0.14897327263826643	0
0.8532541002485716	1
0.8571602395040476	1
0.4017321481164502	1
0.577123254098546	1
0.431657381774917	1
0.16014422360359482	0
0.2697231723725564	0
0.5260708142989664	0
0.7197257573222126	1
0.8797975179676496	1
0.7368456684098937	1
0.6315363694140447	1
0.31024947367686495	0
0.751483679262672	1
0.6494086371981767	1
0.4787592746446934	0
0.33053823555773226	0
0.8398154491770723	1
0.6493047719912535	1
0.6960480939588115	1
0.9016667556282267	1
0.38290016361866774	0
0.3988042132259297	0
0.577462509861547	1
0.1551188941606437	0
0.3025184702416314	1
0.718475629407283	1
0.6003789748484943	1
0.7159355284025745	1
0.8279472099705534	1
0.7306693745913225	1
0.6306046634260107	1
0.15278387444784827	0
0.13225277946883474	0
0.28754874967715066	0
0.40314422183810383	1
0.28027398306905793	1
0.3438246816816304	1
0.23380331833788567	0
0.825026389752517	1
0.8363219462175732	1
0.7028846667376801	1
0.7676468475908694	1
0.6689350597239191	1
0.371574770108109	0
0.8559022366964423	1
0.6506978663405009	1
0.7401375416547629	1
0.20702188963351453	0
0.5742015423851616	1
0.8514446549227515	1
0.8250713493727969	1
0.3694331591679256	1
0.20839100117433257	1
0.3240683392156747	1
0.5727131562390155	1
0.7087494550924667	1
0.2945287187713717	0
0.18531221325108876	0
0.20728874918458262	0
0.15342152460147246	0
0.15986513853870432	0
0.4091293222047856	0
0.8184895752860057	1
0.7493551261914181	1
0.6590672637303266	1
0.8537648375742344	1
0.8396279859250813	1
0.7470446091003272	1
0.4505511002415535	1
0.4283434204702406	1
0.6330807229832673	1
0.8399197000940148	1
0.4087086990353206	1
0.6217598194730862	1
0.3734097390260672	1
0.9241268617705652	1
0.7100714709912914	1
0.44656025200192034	1
0.6899711746873046	1
0.7609907839911805	1
0.8433395343260301	1
0.34548265827432945	1
0.19781308082980678	0
0.161624474210008	0
0.8804808497778115	1
0.8555981149972908	1
0.5650909137634955	1
0.42339051870404637	0
0.8291301384471426	1
0.8256232601986891	1
0.28572843912787643	1
0.15346556080085874	0
0.4919389543669659	0
0.44069295592160906	0
0.638022261244066	0
0.3964660552249232	0
0.5323295123005161	0
0.45918379863571984	0
0.2277353913731715	0
0.26357749236316624	0
0.20681470221775014	0
0.25859154404443585	0
0.8271029991132086	1
0.8595687109773827	1
0.20463131797820522	0
0.9192160426010346	1
0.1680021345413206	0
0.2403562723558292	0
0.40181364867980596	0
0.5872880898940844	0
0.2525428034284129	0
0.3977176332554183	0
0.9263853515085805	1
0.2932609693315466	0
0.4992466562555309	0
0.5899392191293218	1
0.27618370798858705	0
0.16386328806584907	0
0.8480708784005938	1
0.7133368134818555	1
0.7515713180974928	1
0.42784389807863155	1
0.9111742592368397	1
0.6970531245009226	1
0.3833696114942368	0
0.5896231022918442	1
0.865435660554714	1
0.7391223619227597	1
0.23279782660336873	0
0.3645878618365548	0
0.7707477746477214	1
0.6971589073549765	1
0.615037320251513	1
0.21999829475055935	0
0.24718149710907525	0
0.8942071303264085	1
0.5606369805418481	1
0.7101307251122451	1
0.148527182799766	0
0.527084354104954	1
0.6227317998363316	1
0.31098549453003554	1
0.7415169473583235	1
0.45605520712097525	1
0.6352033716741221	1
0.5767881020650499	0
0.15084749119346913	0
0.831889205322962	1
0.13746222107804018	0
0.9057821415473891	1
0.6705862870562497	1
0.764096258824968	1
0.4043676540304334	1
0.6680836347929108	1
0.5182106864324356	1
0.6934106847484286	1
0.36974177072016023	1
0.8326464929515233	1
0.8492179524990289	1
0.20978834359513163	0
0.27741175086180714	0
0.17671005795686878	0
0.6213674623205282	1
0.7711470415226137	1
0.7455222749409331	1
0.3861851519735332	1
0.8001442202818808	1
0.805933471831682	1
0.832798290973988	1
0.5606496576235801	1
0.8134707961168999	1
0.7283113002844915	1
0.5849688324154676	1
0.43269745920315716	1
0.777446946850405	1
0.7450244554417975	1
0.7126721181782315	1
0.5871655456875591	1
0.725854479366624	1
0.5844422226853381	1
0.14058835755076635	0
0.162641033288389	0
0.6086845157204014	1
0.49178297432942975	1
0.8358679163209566	1
0.74713364329022	1
0.7542733700510715	1
0.7534716818164879	1
0.7328090023003412	1
0.7638644526263992	1
0.6705053924553427	1
0.6961338732763501	1
0.6294098254129588	1
0.6966459540905653	1
0.5953392860510445	0
0.4501794716362473	0
0.713751803184543	1
0.6799877859970644	1
0.5698545960982409	1
0.3562693004137051	1
0.7240170481185056	1
0.7736549311520108	1
0.8384228124554015	1
0.6460068335270538	1
0.5474645482725521	1
0.5378375891515059	1
0.46106252373664597	1
0.521449804898139	1
0.5450349383953647	1
0.6790933207669285	1
0.2527629610152202	0
0.5138182820695366	0
0.6840299626939915	1
0.5900563481136	1
0.7164077406792068	1
0.8301080496662209	1
0.43357547955368003	0
0.20566327014444982	0
0.8652653246361561	1
0.9166986986961783	1
0.6037688362819388	1
0.8855494971611507	1
0.5783564559589147	0
0.8724704219925731	1
0.3031034141247143	1
0.577644750398719	1
0.8314118159650918	1
0.6626121811333715	1
0.8867411278037401	1
0.5839425506043225	1
0.21209690417507648	0
0.17872693111745985	0
0.29669652482933667	0
0.4361601204308533	0
0.8537906660555714	1
0.3895095618415937	0
0.251279959082749	0
0.1640406584075598	0
0.830445616920032	1
0.8168300463737789	1
0.7117445526813246	1
0.6055717150286645	1
0.6384426886964291	1
0.40181278478519933	0
0.9032647976425328	1
0.6550524431942243	1
0.17873347821993207	0
0.2746137498263767	1
0.866752220305184	1
0.19534917494150228	0
0.2633122982187695	0
0.21348765513867124	0
0.477859988869936	1
0.7228063684909144	1
0.7901374149028776	1
0.7126316883279994	1
0.7761865362903486	1
0.5778195819776922	1
0.8510051828025132	1
0.6592026661847987	1
0.15836562446627847	0
0.8731912946363007	1
0.8466368867575308	1
0.7469989037665579	1
0.2497402268025187	0
0.4516967436851331	0
0.6948842840404501	1
0.6860382159681723	1
0.8091551912348861	1
0.8292524763163627	1
0.6503422468652169	1
0.8368399540799111	1
0.6089844551371114	1
0.5186357221588327	1
0.8779677787233767	1
0.9077071661177557	1
0.7870964672572938	1
0.7212533932647305	1
0.6580554787069839	1
0.5421042380262578	1
0.870422266760576	1
0.6751299360554244	1
0.7350006267159032	1
0.6292483394877825	1
0.7681425648451907	1
0.30605174426242415	0
0.182686175037719	0
0.8792251183564637	1
0.5704739671525786	1
0.1643636507542002	0
0.13134519446499002	0
0.5205559305886406	0
0.13770766674461188	0
0.37094317082617223	0
0.35741933274339915	0
0.6963927592156043	1
0.3702212302603791	0
0.43362364145651	1
0.7493551261914181	1
0.6061173970862967	0
0.30859226279717883	0
0.6925212851928803	1
0.88174246226132	1
0.8641248610846851	1
0.19141074773997388	0
0.3696500526868292	1
0.88174246226132	1
0.8194587725289142	1
0.1796931681156708	0
0.9066044970769878	1
0.787917935620265	1
0.25712593586011573	0
0.8477970105264339	1
0.45915538648817256	0
0.877088439505931	1
