RvN
mean_test_score [0.91451446 0.91603231 0.91601105 0.91451446 0.91603231 0.91601105
 0.91390306 0.91556122 0.91581378 0.91406718 0.91529422 0.9162517
 0.91551616 0.9158801  0.9171301  0.9152619  0.91510374 0.91744558
 0.90507228 0.90527891 0.90656718 0.90507228 0.90527891 0.90656718
 0.90507228 0.90527891 0.90656718 0.90507228 0.90527891 0.90656718
 0.90597194 0.90540051 0.90582908 0.90700765 0.90542517 0.90699915
 0.89648214 0.89533588 0.89578997 0.89648214 0.89533588 0.89578997
 0.89648214 0.89533588 0.89578997 0.89648214 0.89533588 0.89578997
 0.89648214 0.89533588 0.89578997 0.89677636 0.8946352  0.89658588
 0.88482823 0.88519983 0.88467177 0.88482823 0.88519983 0.88467177
 0.88482823 0.88519983 0.88467177 0.88482823 0.88519983 0.88467177
 0.88482823 0.88519983 0.88467177 0.88482823 0.88519983 0.88467177
 0.8745085  0.8759983  0.87464966 0.8745085  0.8759983  0.87464966
 0.8745085  0.8759983  0.87464966 0.8745085  0.8759983  0.87464966
 0.8745085  0.8759983  0.87464966 0.8745085  0.8759983  0.87464966
 0.85658248 0.86101276 0.85672194 0.85658248 0.86101276 0.85672194
 0.85658248 0.86101276 0.85672194 0.85658248 0.86101276 0.85672194
 0.85658248 0.86101276 0.85672194 0.85658248 0.86101276 0.85672194
 0.92243027 0.9241318  0.92284269 0.92243027 0.9241318  0.92284269
 0.92169388 0.92342177 0.92246769 0.92244388 0.92184779 0.92223214
 0.92143793 0.92297024 0.92205442 0.92252721 0.92297024 0.92255867
 0.91088265 0.91060374 0.90892262 0.91088265 0.91060374 0.90892262
 0.91088265 0.91060374 0.90892262 0.91088265 0.91060374 0.90892262
 0.91056293 0.91096514 0.9085068  0.91104677 0.91092772 0.90853316
 0.89689541 0.8962415  0.89739966 0.89689541 0.8962415  0.89739966
 0.89689541 0.8962415  0.89739966 0.89689541 0.8962415  0.89739966
 0.89689541 0.8962415  0.89739966 0.89753231 0.89683759 0.89706293
 0.88443793 0.88445748 0.88235884 0.88443793 0.88445748 0.88235884
 0.88443793 0.88445748 0.88235884 0.88443793 0.88445748 0.88235884
 0.88443793 0.88445748 0.88235884 0.88443793 0.88445748 0.88235884
 0.87130272 0.87396259 0.87285459 0.87130272 0.87396259 0.87285459
 0.87130272 0.87396259 0.87285459 0.87130272 0.87396259 0.87285459
 0.87130272 0.87396259 0.87285459 0.87130272 0.87396259 0.87285459
 0.85704167 0.86031122 0.8568767  0.85704167 0.86031122 0.8568767
 0.85704167 0.86031122 0.8568767  0.85704167 0.86031122 0.8568767
 0.85704167 0.86031122 0.8568767  0.85704167 0.86031122 0.8568767
 0.9257551  0.92734269 0.92772704 0.9257551  0.92734269 0.92772704
 0.92494388 0.92750255 0.92728997 0.92506718 0.9279932  0.9269932
 0.92718282 0.92817687 0.92734864 0.92662925 0.92720153 0.92706888
 0.91306973 0.91196259 0.91049745 0.91306973 0.91196259 0.91049745
 0.91306973 0.91196259 0.91049745 0.91306973 0.91196259 0.91049745
 0.91355357 0.91097619 0.91045918 0.91379762 0.91192092 0.9113648
 0.89838265 0.89683078 0.89657908 0.89838265 0.89683078 0.89657908
 0.89838265 0.89683078 0.89657908 0.89838265 0.89683078 0.89657908
 0.89838265 0.89683078 0.89657908 0.89754847 0.89712075 0.89668197
 0.88415476 0.883625   0.88190731 0.88415476 0.883625   0.88190731
 0.88415476 0.883625   0.88190731 0.88415476 0.883625   0.88190731
 0.88415476 0.883625   0.88190731 0.88415476 0.883625   0.88190731
 0.87075425 0.87455612 0.8728699  0.87075425 0.87455612 0.8728699
 0.87075425 0.87455612 0.8728699  0.87075425 0.87455612 0.8728699
 0.87075425 0.87455612 0.8728699  0.87075425 0.87455612 0.8728699
 0.85715646 0.86042432 0.85643027 0.85715646 0.86042432 0.85643027
 0.85715646 0.86042432 0.85643027 0.85715646 0.86042432 0.85643027
 0.85715646 0.86042432 0.85643027 0.85715646 0.86042432 0.85643027
 0.92934779 0.92970748 0.93047619 0.92934779 0.92970748 0.93047619
 0.929125   0.92960289 0.93091497 0.92746684 0.92941837 0.92812925
 0.92803997 0.9292381  0.92902721 0.92783248 0.92782058 0.92872619
 0.913375   0.91521344 0.91334779 0.913375   0.91521344 0.91334779
 0.913375   0.91521344 0.91334779 0.913375   0.91521344 0.91334779
 0.9121335  0.913375   0.91271599 0.91368027 0.9141148  0.91227551
 0.89688095 0.89781633 0.8967415  0.89688095 0.89781633 0.8967415
 0.89688095 0.89781633 0.8967415  0.89688095 0.89781633 0.8967415
 0.89688095 0.89781633 0.8967415  0.89775085 0.89721429 0.89574405
 0.8834915  0.88305782 0.88270408 0.8834915  0.88305782 0.88270408
 0.8834915  0.88305782 0.88270408 0.8834915  0.88305782 0.88270408
 0.8834915  0.88305782 0.88270408 0.8834915  0.88305782 0.88270408
 0.87118197 0.87467007 0.8720034  0.87118197 0.87467007 0.8720034
 0.87118197 0.87467007 0.8720034  0.87118197 0.87467007 0.8720034
 0.87118197 0.87467007 0.8720034  0.87118197 0.87467007 0.8720034
 0.85715646 0.86042432 0.85652551 0.85715646 0.86042432 0.85652551
 0.85715646 0.86042432 0.85652551 0.85715646 0.86042432 0.85652551
 0.85715646 0.86042432 0.85652551 0.85715646 0.86042432 0.85652551
 0.93095408 0.93182398 0.93189881 0.93095408 0.93182398 0.93189881
 0.93093367 0.93137585 0.93102891 0.92935374 0.92849745 0.92968537
 0.9298767  0.92929507 0.92948469 0.92792517 0.92857908 0.92928571
 0.91270493 0.91546429 0.91427636 0.91270493 0.91546429 0.91427636
 0.91270493 0.91546429 0.91427636 0.91270493 0.91546429 0.91427636
 0.91367517 0.91331548 0.91370408 0.91356548 0.91459779 0.91146173
 0.89677041 0.89797449 0.8963665  0.89677041 0.89797449 0.8963665
 0.89677041 0.89797449 0.8963665  0.89677041 0.89797449 0.8963665
 0.89677041 0.89797449 0.8963665  0.89765561 0.89738776 0.89572534
 0.88359354 0.88314711 0.88251361 0.88359354 0.88314711 0.88251361
 0.88359354 0.88314711 0.88251361 0.88359354 0.88314711 0.88251361
 0.88359354 0.88314711 0.88251361 0.88359354 0.88314711 0.88251361
 0.87118197 0.87457483 0.8720034  0.87118197 0.87457483 0.8720034
 0.87118197 0.87457483 0.8720034  0.87118197 0.87457483 0.8720034
 0.87118197 0.87457483 0.8720034  0.87118197 0.87457483 0.8720034
 0.85715646 0.86042432 0.85652551 0.85715646 0.86042432 0.85652551
 0.85715646 0.86042432 0.85652551 0.85715646 0.86042432 0.85652551
 0.85715646 0.86042432 0.85652551 0.85715646 0.86042432 0.85652551]
mean_std_score [0.06111816 0.05821413 0.05896675 0.06111816 0.05821413 0.05896675
 0.06219024 0.05873189 0.05925931 0.06215344 0.05800945 0.05957591
 0.06127444 0.05860831 0.05767908 0.06103187 0.05942393 0.05900509
 0.06205926 0.06083037 0.06001861 0.06205926 0.06083037 0.06001861
 0.06205926 0.06083037 0.06001861 0.06205926 0.06083037 0.06001861
 0.0613192  0.06041261 0.06028469 0.06091135 0.0612455  0.06036614
 0.06406388 0.0649256  0.06525555 0.06406388 0.0649256  0.06525555
 0.06406388 0.0649256  0.06525555 0.06406388 0.0649256  0.06525555
 0.06406388 0.0649256  0.06525555 0.06451596 0.06546476 0.06523821
 0.06517645 0.06740078 0.06886389 0.06517645 0.06740078 0.06886389
 0.06517645 0.06740078 0.06886389 0.06517645 0.06740078 0.06886389
 0.06517645 0.06740078 0.06886389 0.06517645 0.06740078 0.06886389
 0.06873114 0.06976001 0.07144614 0.06873114 0.06976001 0.07144614
 0.06873114 0.06976001 0.07144614 0.06873114 0.06976001 0.07144614
 0.06873114 0.06976001 0.07144614 0.06873114 0.06976001 0.07144614
 0.07642679 0.07710489 0.07807632 0.07642679 0.07710489 0.07807632
 0.07642679 0.07710489 0.07807632 0.07642679 0.07710489 0.07807632
 0.07642679 0.07710489 0.07807632 0.07642679 0.07710489 0.07807632
 0.05615177 0.05482756 0.05460676 0.05615177 0.05482756 0.05460676
 0.05598242 0.0547045  0.05507685 0.05613984 0.05567009 0.05552146
 0.05855688 0.05517345 0.05493502 0.05825607 0.05591539 0.05533624
 0.05849565 0.05886278 0.06007023 0.05849565 0.05886278 0.06007023
 0.05849565 0.05886278 0.06007023 0.05849565 0.05886278 0.06007023
 0.05838132 0.05942652 0.05985309 0.05970019 0.0588189  0.06007896
 0.06342923 0.06382121 0.06344377 0.06342923 0.06382121 0.06344377
 0.06342923 0.06382121 0.06344377 0.06342923 0.06382121 0.06344377
 0.06342923 0.06382121 0.06344377 0.06322146 0.06420463 0.06411284
 0.06397718 0.06621513 0.0680408  0.06397718 0.06621513 0.0680408
 0.06397718 0.06621513 0.0680408  0.06397718 0.06621513 0.0680408
 0.06397718 0.06621513 0.0680408  0.06397718 0.06621513 0.0680408
 0.0697971  0.07075694 0.07174548 0.0697971  0.07075694 0.07174548
 0.0697971  0.07075694 0.07174548 0.0697971  0.07075694 0.07174548
 0.0697971  0.07075694 0.07174548 0.0697971  0.07075694 0.07174548
 0.07673511 0.0763471  0.07715153 0.07673511 0.0763471  0.07715153
 0.07673511 0.0763471  0.07715153 0.07673511 0.0763471  0.07715153
 0.07673511 0.0763471  0.07715153 0.07673511 0.0763471  0.07715153
 0.0566958  0.0562047  0.05391364 0.0566958  0.0562047  0.05391364
 0.05778336 0.05768432 0.05453567 0.05786814 0.05416213 0.05493779
 0.05433782 0.0529017  0.05300422 0.05473247 0.05210351 0.0531724
 0.05685805 0.05746687 0.05626311 0.05685805 0.05746687 0.05626311
 0.05685805 0.05746687 0.05626311 0.05685805 0.05746687 0.05626311
 0.05817286 0.05811289 0.05733012 0.05878786 0.05692891 0.05802717
 0.0630314  0.06481715 0.06465864 0.0630314  0.06481715 0.06465864
 0.0630314  0.06481715 0.06465864 0.0630314  0.06481715 0.06465864
 0.0630314  0.06481715 0.06465864 0.06487198 0.06340728 0.0648112
 0.0624236  0.06690301 0.06866014 0.0624236  0.06690301 0.06866014
 0.0624236  0.06690301 0.06866014 0.0624236  0.06690301 0.06866014
 0.0624236  0.06690301 0.06866014 0.0624236  0.06690301 0.06866014
 0.07004829 0.0698154  0.07169074 0.07004829 0.0698154  0.07169074
 0.07004829 0.0698154  0.07169074 0.07004829 0.0698154  0.07169074
 0.07004829 0.0698154  0.07169074 0.07004829 0.0698154  0.07169074
 0.07717951 0.0756704  0.07723901 0.07717951 0.0756704  0.07723901
 0.07717951 0.0756704  0.07723901 0.07717951 0.0756704  0.07723901
 0.07717951 0.0756704  0.07723901 0.07717951 0.0756704  0.07723901
 0.05637025 0.05357826 0.05374248 0.05637025 0.05357826 0.05374248
 0.05682039 0.05407237 0.05289374 0.05586144 0.05461735 0.05490208
 0.05623452 0.05390941 0.05353391 0.05593994 0.05537642 0.05421441
 0.05822447 0.05823027 0.05755383 0.05822447 0.05823027 0.05755383
 0.05822447 0.05823027 0.05755383 0.05822447 0.05823027 0.05755383
 0.05820002 0.05696701 0.05794445 0.05990221 0.05571205 0.05670025
 0.06466122 0.06469507 0.0660503  0.06466122 0.06469507 0.0660503
 0.06466122 0.06469507 0.0660503  0.06466122 0.06469507 0.0660503
 0.06466122 0.06469507 0.0660503  0.06530938 0.06407927 0.06552579
 0.06379538 0.06646598 0.06858032 0.06379538 0.06646598 0.06858032
 0.06379538 0.06646598 0.06858032 0.06379538 0.06646598 0.06858032
 0.06379538 0.06646598 0.06858032 0.06379538 0.06646598 0.06858032
 0.06976491 0.0697948  0.0714187  0.06976491 0.0697948  0.0714187
 0.06976491 0.0697948  0.0714187  0.06976491 0.0697948  0.0714187
 0.06976491 0.0697948  0.0714187  0.06976491 0.0697948  0.0714187
 0.07717951 0.0756704  0.07711501 0.07717951 0.0756704  0.07711501
 0.07717951 0.0756704  0.07711501 0.07717951 0.0756704  0.07711501
 0.07717951 0.0756704  0.07711501 0.07717951 0.0756704  0.07711501
 0.05682432 0.0533316  0.05246174 0.05682432 0.0533316  0.05246174
 0.05386488 0.05336374 0.05204294 0.05697454 0.05655483 0.05329893
 0.05617659 0.05597727 0.05385466 0.05477707 0.05453143 0.05419686
 0.05931925 0.05609625 0.05775414 0.05931925 0.05609625 0.05775414
 0.05931925 0.05609625 0.05775414 0.05931925 0.05609625 0.05775414
 0.05681157 0.05698566 0.05722276 0.05969529 0.05593878 0.05768713
 0.06455722 0.06480995 0.06630445 0.06455722 0.06480995 0.06630445
 0.06455722 0.06480995 0.06630445 0.06455722 0.06480995 0.06630445
 0.06455722 0.06480995 0.06630445 0.06535695 0.0645577  0.06631991
 0.06372864 0.06640109 0.06870385 0.06372864 0.06640109 0.06870385
 0.06372864 0.06640109 0.06870385 0.06372864 0.06640109 0.06870385
 0.06372864 0.06640109 0.06870385 0.06372864 0.06640109 0.06870385
 0.06976491 0.07003267 0.0714187  0.06976491 0.07003267 0.0714187
 0.06976491 0.07003267 0.0714187  0.06976491 0.07003267 0.0714187
 0.06976491 0.07003267 0.0714187  0.06976491 0.07003267 0.0714187
 0.07717951 0.0756704  0.07711501 0.07717951 0.0756704  0.07711501
 0.07717951 0.0756704  0.07711501 0.07717951 0.0756704  0.07711501
 0.07717951 0.0756704  0.07711501 0.07717951 0.0756704  0.07711501]
-#-#-#-#-#-#-#-#-#-#-#-#-#-#-#-#-#-#-#-#-#-#-#-#-#-#-#-#-#-#-#-#-#-#-#-#-#-#-#-#-#-#-#-#-#-#-#-#-#-
Best model: {'criterion': 'gini', 'max_depth': 10, 'max_features': 'sqrt', 'min_samples_leaf': 3, 'min_samples_split': 3, 'n_estimators': 200}
########################
           Feature  Importance
15   vertebrates_0    0.083172
9      orthologs_0    0.061682
13       mammals_0    0.051558
14       metazoa_0    0.048488
10          bpso_0    0.040877
12    eukaryotes_0    0.034667
11          bpsh_0    0.030920
6    allHomologs_0    0.029814
0       hmmScoreWT    0.027461
8   specParalogs_0    0.027009
3          phi_psi    0.023009
2         ATPcount    0.022456
17      R_H_0_pfam    0.021643
4             burr    0.021478
1           IUPRED    0.020114
7   exclParalogs_0    0.019177
18      R_L_0_pfam    0.018358
5        ChargesWT    0.016637
16     A_A_-1_pfam    0.015726
########################
activatingresistance results ( 14 )
REC: 0.857
########################
P00533/EGFR/T790M 0.801 increaseresistance
########################
########################
P46734/MAP2K3/A84T 0.085 A
P11309/PIM1/S97N 0.182 A
########################
Q00535/CDK5/F82I 0.916 TBD
Q02750/MAP2K1/V211D 0.665 TBD
########################
O96017/CHEK2/K373E 0.509 Inconclusive
P06493/CDK1/V124G 0.652 Inconclusive
P46734/MAP2K3/R94L 0.434 Inconclusive
P46734/MAP2K3/R96W 0.512 Inconclusive
P46734/MAP2K3/L215W 0.697 Inconclusive
P46734/MAP2K3/T222M 0.617 Inconclusive
P11309/PIM1/Q127E 0.247 Inconclusive
Q06418/TYRO3/V669L 0.324 Inconclusive
Q13470/TNK1/A299D 0.19 Inconclusive
########################
########################
########################
REC: neutral 0.986
########################
REC: loss 0.778
########################
REC: decrease 0.573
AIvLD
mean_test_score [0.87553806 0.88103009 0.87886983 0.87553806 0.88103009 0.87886983
 0.87532151 0.88072064 0.87888267 0.87516138 0.88064408 0.87870463
 0.87547093 0.88054416 0.87842648 0.87520359 0.88028993 0.87817512
 0.87650817 0.88019067 0.8781548  0.87650817 0.88019067 0.8781548
 0.87650817 0.88019067 0.8781548  0.87650817 0.88019067 0.8781548
 0.87668252 0.88037573 0.8782032  0.87636411 0.8802807  0.8783624
 0.87544314 0.87977484 0.87748308 0.87544314 0.87977484 0.87748308
 0.87544314 0.87977484 0.87748308 0.87544314 0.87977484 0.87748308
 0.87544314 0.87977484 0.87748308 0.87556079 0.87984465 0.87757099
 0.87430774 0.87916017 0.87684441 0.87430774 0.87916017 0.87684441
 0.87430774 0.87916017 0.87684441 0.87430774 0.87916017 0.87684441
 0.87430774 0.87916017 0.87684441 0.87430774 0.87916017 0.87684441
 0.87333653 0.87814132 0.87563523 0.87333653 0.87814132 0.87563523
 0.87333653 0.87814132 0.87563523 0.87333653 0.87814132 0.87563523
 0.87333653 0.87814132 0.87563523 0.87333653 0.87814132 0.87563523
 0.87155638 0.87638157 0.87419195 0.87155638 0.87638157 0.87419195
 0.87155638 0.87638157 0.87419195 0.87155638 0.87638157 0.87419195
 0.87155638 0.87638157 0.87419195 0.87155638 0.87638157 0.87419195
 0.8851212  0.8893889  0.88838694 0.8851212  0.8893889  0.88838694
 0.8855278  0.88926127 0.88790729 0.88496476 0.88894194 0.88844807
 0.8849788  0.88879428 0.88849332 0.88500198 0.88859389 0.8880049
 0.88445843 0.88856563 0.88744796 0.88445843 0.88856563 0.88744796
 0.88445843 0.88856563 0.88744796 0.88445843 0.88856563 0.88744796
 0.88471913 0.88840864 0.88728839 0.88487002 0.88811461 0.88705402
 0.8847364  0.88780673 0.88648331 0.8847364  0.88780673 0.88648331
 0.8847364  0.88780673 0.88648331 0.8847364  0.88780673 0.88648331
 0.8847364  0.88780673 0.88648331 0.88441116 0.88738406 0.88602103
 0.88310159 0.8859658  0.88435141 0.88310159 0.8859658  0.88435141
 0.88310159 0.8859658  0.88435141 0.88310159 0.8859658  0.88435141
 0.88310159 0.8859658  0.88435141 0.88310159 0.8859658  0.88435141
 0.88209742 0.88514004 0.88367396 0.88209742 0.88514004 0.88367396
 0.88209742 0.88514004 0.88367396 0.88209742 0.88514004 0.88367396
 0.88209742 0.88514004 0.88367396 0.88209742 0.88514004 0.88367396
 0.87848114 0.88241149 0.88182371 0.87848114 0.88241149 0.88182371
 0.87848114 0.88241149 0.88182371 0.87848114 0.88241149 0.88182371
 0.87848114 0.88241149 0.88182371 0.87848114 0.88241149 0.88182371
 0.89097918 0.89510078 0.89478117 0.89097918 0.89510078 0.89478117
 0.89102018 0.89473001 0.89429376 0.89056177 0.89370071 0.89424593
 0.89140074 0.89408644 0.89361539 0.89142262 0.89383065 0.89350605
 0.89070915 0.89358814 0.8935731  0.89070915 0.89358814 0.8935731
 0.89070915 0.89358814 0.8935731  0.89070915 0.89358814 0.8935731
 0.89086919 0.89374393 0.89328885 0.89047746 0.89317398 0.89258287
 0.88896631 0.89144748 0.89123951 0.88896631 0.89144748 0.89123951
 0.88896631 0.89144748 0.89123951 0.88896631 0.89144748 0.89123951
 0.88896631 0.89144748 0.89123951 0.889303   0.89237057 0.89171159
 0.88636842 0.88935768 0.88881783 0.88636842 0.88935768 0.88881783
 0.88636842 0.88935768 0.88881783 0.88636842 0.88935768 0.88881783
 0.88636842 0.88935768 0.88881783 0.88636842 0.88935768 0.88881783
 0.88518621 0.88797452 0.88784856 0.88518621 0.88797452 0.88784856
 0.88518621 0.88797452 0.88784856 0.88518621 0.88797452 0.88784856
 0.88518621 0.88797452 0.88784856 0.88518621 0.88797452 0.88784856
 0.88207341 0.88486495 0.88486319 0.88207341 0.88486495 0.88486319
 0.88207341 0.88486495 0.88486319 0.88207341 0.88486495 0.88486319
 0.88207341 0.88486495 0.88486319 0.88207341 0.88486495 0.88486319
 0.89610772 0.89939515 0.89996114 0.89610772 0.89939515 0.89996114
 0.89579965 0.89952666 0.89966139 0.89875242 0.90024197 0.8996323
 0.89835543 0.89996521 0.89957689 0.8971008  0.89956968 0.89920381
 0.89697623 0.89885133 0.89870939 0.89697623 0.89885133 0.89870939
 0.89697623 0.89885133 0.89870939 0.89697623 0.89885133 0.89870939
 0.89667768 0.89901921 0.8988444  0.89549029 0.8968584  0.89711633
 0.89340114 0.89579476 0.8959777  0.89340114 0.89579476 0.8959777
 0.89340114 0.89579476 0.8959777  0.89340114 0.89579476 0.8959777
 0.89340114 0.89579476 0.8959777  0.89373701 0.89500797 0.89606672
 0.88842137 0.89353975 0.89335608 0.88842137 0.89353975 0.89335608
 0.88842137 0.89353975 0.89335608 0.88842137 0.89353975 0.89335608
 0.88842137 0.89353975 0.89335608 0.88842137 0.89353975 0.89335608
 0.88839598 0.89167557 0.89147518 0.88839598 0.89167557 0.89147518
 0.88839598 0.89167557 0.89147518 0.88839598 0.89167557 0.89147518
 0.88839598 0.89167557 0.89147518 0.88839598 0.89167557 0.89147518
 0.8848015  0.8880533  0.88810584 0.8848015  0.8880533  0.88810584
 0.8848015  0.8880533  0.88810584 0.8848015  0.8880533  0.88810584
 0.8848015  0.8880533  0.88810584 0.8848015  0.8880533  0.88810584
 0.90105802 0.90441785 0.90463856 0.90105802 0.90441785 0.90463856
 0.90228548 0.90480598 0.90444307 0.9022382  0.90451084 0.90534741
 0.90370429 0.90420703 0.90492179 0.90251312 0.90413269 0.9042762
 0.89901662 0.90188425 0.90234931 0.89901662 0.90188425 0.90234931
 0.89901662 0.90188425 0.90234931 0.89901662 0.90188425 0.90234931
 0.90016051 0.90160167 0.90301226 0.90041455 0.90190263 0.90270835
 0.8967787  0.89936652 0.89892696 0.8967787  0.89936652 0.89892696
 0.8967787  0.89936652 0.89892696 0.8967787  0.89936652 0.89892696
 0.8967787  0.89936652 0.89892696 0.8976859  0.89961152 0.89942073
 0.89151913 0.89509589 0.89509423 0.89151913 0.89509589 0.89509423
 0.89151913 0.89509589 0.89509423 0.89151913 0.89509589 0.89509423
 0.89151913 0.89509589 0.89509423 0.89151913 0.89509589 0.89509423
 0.8903925  0.89267642 0.89279296 0.8903925  0.89267642 0.89279296
 0.8903925  0.89267642 0.89279296 0.8903925  0.89267642 0.89279296
 0.8903925  0.89267642 0.89279296 0.8903925  0.89267642 0.89279296
 0.88560787 0.88873075 0.88873878 0.88560787 0.88873075 0.88873878
 0.88560787 0.88873075 0.88873878 0.88560787 0.88873075 0.88873878
 0.88560787 0.88873075 0.88873878 0.88560787 0.88873075 0.88873878]
mean_std_score [0.03905638 0.03766794 0.03873369 0.03905638 0.03766794 0.03873369
 0.03867587 0.03767973 0.03874261 0.03964508 0.03813204 0.03894659
 0.0398766  0.03815129 0.03927393 0.04031264 0.03823296 0.0395687
 0.03925789 0.03858029 0.03982539 0.03925789 0.03858029 0.03982539
 0.03925789 0.03858029 0.03982539 0.03925789 0.03858029 0.03982539
 0.03978552 0.03869567 0.04003497 0.04011326 0.03878175 0.03994575
 0.04067081 0.03854448 0.04044448 0.04067081 0.03854448 0.04044448
 0.04067081 0.03854448 0.04044448 0.04067081 0.03854448 0.04044448
 0.04067081 0.03854448 0.04044448 0.04056231 0.03869881 0.04034769
 0.04078069 0.03924918 0.0409366  0.04078069 0.03924918 0.0409366
 0.04078069 0.03924918 0.0409366  0.04078069 0.03924918 0.0409366
 0.04078069 0.03924918 0.0409366  0.04078069 0.03924918 0.0409366
 0.04048382 0.03921169 0.04058958 0.04048382 0.03921169 0.04058958
 0.04048382 0.03921169 0.04058958 0.04048382 0.03921169 0.04058958
 0.04048382 0.03921169 0.04058958 0.04048382 0.03921169 0.04058958
 0.04036028 0.03893917 0.04021832 0.04036028 0.03893917 0.04021832
 0.04036028 0.03893917 0.04021832 0.04036028 0.03893917 0.04021832
 0.04036028 0.03893917 0.04021832 0.04036028 0.03893917 0.04021832
 0.03661956 0.03644827 0.03594023 0.03661956 0.03644827 0.03594023
 0.0361933  0.03637072 0.03646512 0.03657009 0.03664414 0.03693897
 0.03666895 0.03628195 0.03669915 0.03723828 0.03700627 0.03718863
 0.03722737 0.03668374 0.03641727 0.03722737 0.03668374 0.03641727
 0.03722737 0.03668374 0.03641727 0.03722737 0.03668374 0.03641727
 0.03723514 0.03681216 0.03689797 0.03752987 0.03713997 0.03763069
 0.03822163 0.03787454 0.03824926 0.03822163 0.03787454 0.03824926
 0.03822163 0.03787454 0.03824926 0.03822163 0.03787454 0.03824926
 0.03822163 0.03787454 0.03824926 0.0382761  0.03767054 0.03858357
 0.03785874 0.03719495 0.03805074 0.03785874 0.03719495 0.03805074
 0.03785874 0.03719495 0.03805074 0.03785874 0.03719495 0.03805074
 0.03785874 0.03719495 0.03805074 0.03785874 0.03719495 0.03805074
 0.03839277 0.03752897 0.03833689 0.03839277 0.03752897 0.03833689
 0.03839277 0.03752897 0.03833689 0.03839277 0.03752897 0.03833689
 0.03839277 0.03752897 0.03833689 0.03839277 0.03752897 0.03833689
 0.03794202 0.03701085 0.03787085 0.03794202 0.03701085 0.03787085
 0.03794202 0.03701085 0.03787085 0.03794202 0.03701085 0.03787085
 0.03794202 0.03701085 0.03787085 0.03794202 0.03701085 0.03787085
 0.03660693 0.03567757 0.03472043 0.03660693 0.03567757 0.03472043
 0.03766754 0.03641812 0.03512983 0.03685626 0.03650704 0.03500031
 0.03633451 0.03597137 0.03473445 0.03718192 0.03641933 0.03501729
 0.03666782 0.03667901 0.03583119 0.03666782 0.03667901 0.03583119
 0.03666782 0.03667901 0.03583119 0.03666782 0.03667901 0.03583119
 0.03784316 0.0365334  0.03565029 0.03727726 0.03640065 0.03628782
 0.03788088 0.03626651 0.03634715 0.03788088 0.03626651 0.03634715
 0.03788088 0.03626651 0.03634715 0.03788088 0.03626651 0.03634715
 0.03788088 0.03626651 0.03634715 0.03788328 0.03649003 0.03627344
 0.03728753 0.03678124 0.03687253 0.03728753 0.03678124 0.03687253
 0.03728753 0.03678124 0.03687253 0.03728753 0.03678124 0.03687253
 0.03728753 0.03678124 0.03687253 0.03728753 0.03678124 0.03687253
 0.03784294 0.03708577 0.03736681 0.03784294 0.03708577 0.03736681
 0.03784294 0.03708577 0.03736681 0.03784294 0.03708577 0.03736681
 0.03784294 0.03708577 0.03736681 0.03784294 0.03708577 0.03736681
 0.03754317 0.03778319 0.03715782 0.03754317 0.03778319 0.03715782
 0.03754317 0.03778319 0.03715782 0.03754317 0.03778319 0.03715782
 0.03754317 0.03778319 0.03715782 0.03754317 0.03778319 0.03715782
 0.03486914 0.03442485 0.034006   0.03486914 0.03442485 0.034006
 0.03452065 0.03451318 0.0339198  0.03375539 0.03394771 0.03332267
 0.0337361  0.03389008 0.0328444  0.03429488 0.03380651 0.03319877
 0.0350394  0.03369308 0.03367986 0.0350394  0.03369308 0.03367986
 0.0350394  0.03369308 0.03367986 0.0350394  0.03369308 0.03367986
 0.03550021 0.0344203  0.033747   0.03589849 0.035619   0.03550103
 0.03466117 0.03409377 0.03440874 0.03466117 0.03409377 0.03440874
 0.03466117 0.03409377 0.03440874 0.03466117 0.03409377 0.03440874
 0.03466117 0.03409377 0.03440874 0.03453014 0.03441462 0.0349563
 0.03575199 0.03411546 0.0346647  0.03575199 0.03411546 0.0346647
 0.03575199 0.03411546 0.0346647  0.03575199 0.03411546 0.0346647
 0.03575199 0.03411546 0.0346647  0.03575199 0.03411546 0.0346647
 0.0368035  0.03600891 0.03606757 0.0368035  0.03600891 0.03606757
 0.0368035  0.03600891 0.03606757 0.0368035  0.03600891 0.03606757
 0.0368035  0.03600891 0.03606757 0.0368035  0.03600891 0.03606757
 0.03700969 0.03691221 0.03641084 0.03700969 0.03691221 0.03641084
 0.03700969 0.03691221 0.03641084 0.03700969 0.03691221 0.03641084
 0.03700969 0.03691221 0.03641084 0.03700969 0.03691221 0.03641084
 0.03416407 0.03390208 0.03320698 0.03416407 0.03390208 0.03320698
 0.03382143 0.03314208 0.03280827 0.03288008 0.0322853  0.0325577
 0.03309676 0.0327527  0.03377967 0.03403435 0.03314647 0.03325047
 0.0339077  0.03335735 0.03344523 0.0339077  0.03335735 0.03344523
 0.0339077  0.03335735 0.03344523 0.0339077  0.03335735 0.03344523
 0.03448639 0.03403968 0.03371497 0.03526786 0.03530815 0.03421542
 0.03430653 0.03348074 0.0342302  0.03430653 0.03348074 0.0342302
 0.03430653 0.03348074 0.0342302  0.03430653 0.03348074 0.0342302
 0.03430653 0.03348074 0.0342302  0.03336394 0.03335779 0.0339391
 0.03676984 0.03477023 0.0349481  0.03676984 0.03477023 0.0349481
 0.03676984 0.03477023 0.0349481  0.03676984 0.03477023 0.0349481
 0.03676984 0.03477023 0.0349481  0.03676984 0.03477023 0.0349481
 0.03528217 0.03521911 0.03535022 0.03528217 0.03521911 0.03535022
 0.03528217 0.03521911 0.03535022 0.03528217 0.03521911 0.03535022
 0.03528217 0.03521911 0.03535022 0.03528217 0.03521911 0.03535022
 0.0372228  0.03670657 0.03622322 0.0372228  0.03670657 0.03622322
 0.0372228  0.03670657 0.03622322 0.0372228  0.03670657 0.03622322
 0.0372228  0.03670657 0.03622322 0.0372228  0.03670657 0.03622322]
-#-#-#-#-#-#-#-#-#-#-#-#-#-#-#-#-#-#-#-#-#-#-#-#-#-#-#-#-#-#-#-#-#-#-#-#-#-#-#-#-#-#-#-#-#-#-#-#-#-
Best model: {'criterion': 'gini', 'max_depth': 10, 'max_features': 'sqrt', 'min_samples_leaf': 3, 'min_samples_split': 10, 'n_estimators': 200}
########################
           Feature  Importance
0       hmmScoreWT    0.041325
1      hmmScoreMUT    0.035838
11      D_A_0_pfam    0.030675
5            A_MUT    0.028689
6    allHomologs_0    0.027479
10          bpsh_0    0.022810
14      D_N_0_pfam    0.022148
16      D_S_0_pfam    0.021647
2     Phosphomimic    0.021530
7   exclParalogs_0    0.021362
12      D_D_0_pfam    0.020421
15      D_R_0_pfam    0.019657
8      orthologs_0    0.018627
9           bpso_0    0.018415
13      D_E_0_pfam    0.015770
3       mech_intra    0.015737
4      ChargesDiff    0.015577
########################
activatingresistance results ( 14 )
REC: 0.929
########################
P00533/EGFR/T790M 0.574 increaseresistance
########################
########################
P46734/MAP2K3/A84T 0.718 A
P11309/PIM1/S97N 0.568 A
########################
Q00535/CDK5/F82I 0.547 TBD
Q02750/MAP2K1/V211D 0.417 TBD
########################
O96017/CHEK2/K373E 0.628 Inconclusive
P06493/CDK1/V124G 0.317 Inconclusive
P46734/MAP2K3/R94L 0.599 Inconclusive
P46734/MAP2K3/R96W 0.286 Inconclusive
P46734/MAP2K3/L215W 0.365 Inconclusive
P46734/MAP2K3/T222M 0.315 Inconclusive
P11309/PIM1/Q127E 0.68 Inconclusive
Q06418/TYRO3/V669L 0.574 Inconclusive
Q13470/TNK1/A299D 0.769 Inconclusive
########################
########################
########################
REC: neutral 0.917
########################
REC: loss 0.968
########################
REC: decrease 0.776
