all
mean_test_score [0.86871895 0.8761532  0.87744032 0.86871895 0.8761532  0.87744032
 0.86864463 0.87613452 0.87742327 0.86854879 0.87577684 0.87672046
 0.86863851 0.87569528 0.87665842 0.86873845 0.87582911 0.87681377
 0.86707465 0.87493486 0.87564522 0.86707465 0.87493486 0.87564522
 0.86707465 0.87493486 0.87564522 0.86707465 0.87493486 0.87564522
 0.86738103 0.87472769 0.87565368 0.86740679 0.87495844 0.87561074
 0.86564822 0.8736333  0.87443776 0.86564822 0.8736333  0.87443776
 0.86564822 0.8736333  0.87443776 0.86564822 0.8736333  0.87443776
 0.86564822 0.8736333  0.87443776 0.86543401 0.87359384 0.87437367
 0.86415454 0.87177354 0.87265776 0.86415454 0.87177354 0.87265776
 0.86415454 0.87177354 0.87265776 0.86415454 0.87177354 0.87265776
 0.86415454 0.87177354 0.87265776 0.86415454 0.87177354 0.87265776
 0.86310366 0.8706391  0.87116322 0.86310366 0.8706391  0.87116322
 0.86310366 0.8706391  0.87116322 0.86310366 0.8706391  0.87116322
 0.86310366 0.8706391  0.87116322 0.86310366 0.8706391  0.87116322
 0.86080718 0.86855905 0.86886973 0.86080718 0.86855905 0.86886973
 0.86080718 0.86855905 0.86886973 0.86080718 0.86855905 0.86886973
 0.86080718 0.86855905 0.86886973 0.86080718 0.86855905 0.86886973
 0.87815862 0.88381636 0.88393322 0.87815862 0.88381636 0.88393322
 0.87767353 0.88358694 0.88408032 0.8764224  0.88303932 0.88429773
 0.87663185 0.88306435 0.88408914 0.87733203 0.88402742 0.88457218
 0.87606624 0.882726   0.88373562 0.87606624 0.882726   0.88373562
 0.87606624 0.882726   0.88373562 0.87606624 0.882726   0.88373562
 0.87623133 0.88303977 0.88350855 0.87674434 0.883541   0.88404623
 0.87507262 0.88186167 0.88172867 0.87507262 0.88186167 0.88172867
 0.87507262 0.88186167 0.88172867 0.87507262 0.88186167 0.88172867
 0.87507262 0.88186167 0.88172867 0.87509295 0.88210351 0.8819523
 0.8699322  0.87870257 0.87906149 0.8699322  0.87870257 0.87906149
 0.8699322  0.87870257 0.87906149 0.8699322  0.87870257 0.87906149
 0.8699322  0.87870257 0.87906149 0.8699322  0.87870257 0.87906149
 0.86701558 0.87671179 0.87696896 0.86701558 0.87671179 0.87696896
 0.86701558 0.87671179 0.87696896 0.86701558 0.87671179 0.87696896
 0.86701558 0.87671179 0.87696896 0.86701558 0.87671179 0.87696896
 0.86444921 0.87403912 0.87433471 0.86444921 0.87403912 0.87433471
 0.86444921 0.87403912 0.87433471 0.86444921 0.87403912 0.87433471
 0.86444921 0.87403912 0.87433471 0.86444921 0.87403912 0.87433471
 0.88475545 0.88969316 0.88977885 0.88475545 0.88969316 0.88977885
 0.88425889 0.88918404 0.88946944 0.88341231 0.88896086 0.88957137
 0.88357676 0.88906967 0.88937405 0.8833795  0.88888911 0.88908233
 0.88274078 0.88741724 0.88756652 0.88274078 0.88741724 0.88756652
 0.88274078 0.88741724 0.88756652 0.88274078 0.88741724 0.88756652
 0.8828685  0.88702887 0.8871432  0.88189081 0.88668104 0.88662408
 0.87901077 0.88462749 0.88491032 0.87901077 0.88462749 0.88491032
 0.87901077 0.88462749 0.88491032 0.87901077 0.88462749 0.88491032
 0.87901077 0.88462749 0.88491032 0.8789811  0.88460798 0.88471071
 0.87334753 0.87999091 0.88074114 0.87334753 0.87999091 0.88074114
 0.87334753 0.87999091 0.88074114 0.87334753 0.87999091 0.88074114
 0.87334753 0.87999091 0.88074114 0.87334753 0.87999091 0.88074114
 0.87179913 0.87814151 0.87841222 0.87179913 0.87814151 0.87841222
 0.87179913 0.87814151 0.87841222 0.87179913 0.87814151 0.87841222
 0.87179913 0.87814151 0.87841222 0.87179913 0.87814151 0.87841222
 0.86953687 0.87569246 0.8754002  0.86953687 0.87569246 0.8754002
 0.86953687 0.87569246 0.8754002  0.86953687 0.87569246 0.8754002
 0.86953687 0.87569246 0.8754002  0.86953687 0.87569246 0.8754002
 0.89662867 0.9002249  0.9009204  0.89662867 0.9002249  0.9009204
 0.89544251 0.89936431 0.9000657  0.89574152 0.89981052 0.8999895
 0.89530269 0.89955046 0.89982581 0.89430193 0.89889571 0.89904386
 0.89340882 0.89808615 0.89790663 0.89340882 0.89808615 0.89790663
 0.89340882 0.89808615 0.89790663 0.89340882 0.89808615 0.89790663
 0.89284624 0.89734781 0.89742971 0.89285622 0.89757978 0.89714656
 0.88804733 0.89358868 0.89345413 0.88804733 0.89358868 0.89345413
 0.88804733 0.89358868 0.89345413 0.88804733 0.89358868 0.89345413
 0.88804733 0.89358868 0.89345413 0.88860938 0.89404129 0.89379898
 0.88304886 0.88822066 0.88821223 0.88304886 0.88822066 0.88821223
 0.88304886 0.88822066 0.88821223 0.88304886 0.88822066 0.88821223
 0.88304886 0.88822066 0.88821223 0.88304886 0.88822066 0.88821223
 0.88003723 0.88558483 0.88482044 0.88003723 0.88558483 0.88482044
 0.88003723 0.88558483 0.88482044 0.88003723 0.88558483 0.88482044
 0.88003723 0.88558483 0.88482044 0.88003723 0.88558483 0.88482044
 0.87533755 0.88126148 0.88072849 0.87533755 0.88126148 0.88072849
 0.87533755 0.88126148 0.88072849 0.87533755 0.88126148 0.88072849
 0.87533755 0.88126148 0.88072849 0.87533755 0.88126148 0.88072849
 0.90191634 0.90540753 0.90591731 0.90191634 0.90540753 0.90591731
 0.90249029 0.90631832 0.9058666  0.90267512 0.90604539 0.90623156
 0.90184203 0.90584416 0.90594904 0.90080999 0.90544603 0.90556145
 0.89894593 0.90242776 0.90227305 0.89894593 0.90242776 0.90227305
 0.89894593 0.90242776 0.90227305 0.89894593 0.90242776 0.90227305
 0.89889273 0.90178076 0.90202325 0.89840064 0.90173775 0.90148476
 0.89347153 0.89773605 0.89754335 0.89347153 0.89773605 0.89754335
 0.89347153 0.89773605 0.89754335 0.89347153 0.89773605 0.89754335
 0.89347153 0.89773605 0.89754335 0.89346589 0.8978062  0.8978264
 0.88500448 0.89099529 0.89113023 0.88500448 0.89099529 0.89113023
 0.88500448 0.89099529 0.89113023 0.88500448 0.89099529 0.89113023
 0.88500448 0.89099529 0.89113023 0.88500448 0.89099529 0.89113023
 0.88225918 0.88764167 0.88700334 0.88225918 0.88764167 0.88700334
 0.88225918 0.88764167 0.88700334 0.88225918 0.88764167 0.88700334
 0.88225918 0.88764167 0.88700334 0.88225918 0.88764167 0.88700334
 0.87715222 0.88266609 0.88198298 0.87715222 0.88266609 0.88198298
 0.87715222 0.88266609 0.88198298 0.87715222 0.88266609 0.88198298
 0.87715222 0.88266609 0.88198298 0.87715222 0.88266609 0.88198298]
-#-#-#-#-#-#-#-#-#-#-#-#-#-#-#-#-#-#-#-#-#-#-#-#-#-#-#-#-#-#-#-#-#-#-#-#-#-#-#-#-#-#-#-#-#-#-#-#-#-
Best model: {'criterion': 'gini', 'max_depth': 10, 'max_features': 'log2', 'min_samples_leaf': 3, 'min_samples_split': 7, 'n_estimators': 100}
########################
           Feature  Importance
12       metazoa_0    0.040839
6   specParalogs_0    0.037397
13   vertebrates_0    0.037054
0       hmmScoreWT    0.032412
9           bpsh_0    0.031470
10    eukaryotes_0    0.030645
11       mammals_0    0.027662
8           bpso_0    0.024477
14      D_A_0_pfam    0.023945
7      orthologs_0    0.022479
5    allHomologs_0    0.021605
15      D_S_0_pfam    0.019889
1      hmmScoreMUT    0.018002
4            A_MUT    0.017613
3              p_0    0.016096
2     Phosphomimic    0.015854
########################
activatingresistance results ( 14 )
P21802/FGFR2/E565A 2 [0.19181776 0.39453239 0.41364984]
P21802/FGFR2/K641R 2 [0.3074278  0.27681095 0.41576125]
P21802/FGFR2/N549H 2 [0.32388333 0.13265569 0.54346097]
P21802/FGFR2/N549T 2 [0.24710982 0.19587875 0.55701144]
Q9UM73/ALK/F1174L 0 [0.50169382 0.16261886 0.33568733]
Q9UM73/ALK/F1174V 2 [0.34851275 0.22769472 0.42379253]
P36888/FLT3/D835H 2 [0.04598041 0.08126759 0.872752  ]
P36888/FLT3/D835V 2 [0.03259995 0.05685717 0.91054288]
P36888/FLT3/D835Y 2 [0.0210033 0.049006  0.9299907]
P11362/FGFR1/N546K 2 [0.40089622 0.12289536 0.47620841]
P15056/BRAF/V600E 2 [0.2096696  0.20215758 0.58817282]
P10721/KIT/D816H 2 [0.05177599 0.07757971 0.8706443 ]
P10721/KIT/N822K 2 [0.14694767 0.23875914 0.61429318]
P16234/PDGFRA/D842V 2 [0.03136353 0.04809359 0.92054288]
REC: 0.9285714285714286
########################
P00533/EGFR/T790M [0.4187841  0.26122062 0.31999528] 0 increaseresistance
########################
########################
P46734/MAP2K3/A84T [0.72982666 0.07091674 0.1992566 ] 0 A
P11309/PIM1/S97N [0.6065376  0.1854342  0.20802821] 0 A
########################
Q00535/CDK5/F82I [0.25313569 0.31359185 0.43327246] 2 TBD
Q02750/MAP2K1/V211D [0.16693584 0.37433527 0.4587289 ] 2 TBD
########################
O96017/CHEK2/K373E [0.18254543 0.29449343 0.52296114] 2 Inconclusive
P06493/CDK1/V124G [0.25222545 0.45797709 0.28979746] 1 Inconclusive
P46734/MAP2K3/R94L [0.29090779 0.31382532 0.39526689] 2 Inconclusive
P46734/MAP2K3/R96W [0.26413455 0.44706821 0.28879724] 1 Inconclusive
P46734/MAP2K3/L215W [0.19794017 0.43397304 0.36808679] 1 Inconclusive
P46734/MAP2K3/T222M [0.10780054 0.50244481 0.38975464] 1 Inconclusive
P11309/PIM1/Q127E [0.46601122 0.16692739 0.36706139] 0 Inconclusive
Q06418/TYRO3/V669L [0.48141332 0.22911755 0.28946913] 0 Inconclusive
Q13470/TNK1/A299D [0.59503972 0.1223468  0.28261349] 0 Inconclusive
########################
########################
########################
P00533/EGFR/L858R [0.14864154 0.34894549 0.50241297] 2 activating
REC: activating 0.89
########################
REC: increase 0.784
########################
REC: neutral 0.959
########################
REC: loss 0.94
########################
REC: decrease 0.61
