P21802/FGFR2/E565A	1	[0.08779999	0.46788397	0.44431603]	
P21802/FGFR2/K641R	2	[0.31346748	0.31204072	0.3744918	]
P21802/FGFR2/N549H	2	[0.23555971	0.11566833	0.64877196]	
P21802/FGFR2/N549T	2	[0.1574034		0.16541374	0.67718286]
Q9UM73/ALK/F1174L	0	[0.47544247	0.14706685	0.37749067]	
Q9UM73/ALK/F1174V	2	[0.28490921	0.17791432	0.53717647]	
P36888/FLT3/D835H	2	[0.02035391	0.03886535	0.94078074]	
P36888/FLT3/D835V	2	[0.02775399	0.02695338	0.94529263]	
P36888/FLT3/D835Y	2	[0.01686421	0.02887598	0.9542598	]
P11362/FGFR1/N546K	2	[0.24618229	0.12454262	0.62927509]	
P15056/BRAF/V600E	2	[0.04195894	0.10753103	0.85051003]	
P10721/KIT/D816H	2	[0.03656154	0.0462407		0.91719776]
P10721/KIT/N822K	2	[0.1876069		0.25761159	0.55478151]
P16234/PDGFRA/D842V	2	[0.03227555	0.03071994	0.93700451]	
