sp|P35916|VGFR3_HUMAN	AURKA	25.926	162	113	3	1006	1167	225	379	1.16e-14	65.5
sp|P35916|VGFR3_HUMAN	AURKA	46.667	15	8	0	795	809	244	258	1.9	19.6
sp|P35916|VGFR3_HUMAN	AURKA	22.422	223	114	12	837	1023	127	326	7.1	18.1
sp|P35916|VGFR3_HUMAN	AURKC	29.565	115	76	3	1020	1134	149	258	4.63e-11	53.5
sp|P35916|VGFR3_HUMAN	AURKC	40.000	15	9	0	795	809	154	168	4.6	18.5
sp|P35916|VGFR3_HUMAN	AURKC	30.952	42	29	0	204	245	194	235	7.8	17.7
sp|P35916|VGFR3_HUMAN	AURKB	29.524	105	69	3	1020	1124	183	282	1.68e-08	45.4
sp|P35916|VGFR3_HUMAN	AURKB	30.392	102	54	6	840	935	72	162	0.008	27.3
sp|P35916|VGFR3_HUMAN	AURKB	23.881	67	51	0	204	270	228	294	1.5	20.0
sp|P35916|VGFR3_HUMAN	AURKB	40.000	15	9	0	795	809	188	202	2.4	19.2
sp|P35916|VGFR3_HUMAN	CSNK2A1	25.510	98	68	3	1009	1104	128	222	2.42e-08	45.1
